# time	x	y	stress_xx	strain_xx
0.0000000000	0.1375000000	0.1375000000	0.0000000000	0.0000000000
0.0009486833	0.1375000000	0.1374831829	3010.7630816598	-0.0125135847
0.0018973666	0.1375004900	0.1374497413	3013.7657115394	-0.0250340072
0.0028460499	0.1375014699	0.1373996822	3017.0722430448	-0.0375625497
0.0037947332	0.1375029388	0.1373330174	3020.6730314841	-0.0501004616
0.0047434165	0.1375048956	0.1372497635	3024.5581185464	-0.0626489584
0.0056920998	0.1375073388	0.1371499417	3028.7173044803	-0.0752092206
0.0066407831	0.1375102665	0.1370335779	3033.1401836567	-0.0877823935
0.0075894664	0.1375136763	0.1369007027	3037.8161564327	-0.1003695859
0.0085381497	0.1375175654	0.1367513512	3042.7344252334	-0.1129718690
0.0094868330	0.1375219309	0.1365855635	3047.8839797174	-0.1255902757
0.0104355163	0.1375267693	0.1364033841	3053.2535740294	-0.1382257995
0.0113841996	0.1375320767	0.1362048622	3058.8316980151	-0.1508793929
0.0123328829	0.1375378491	0.1359900518	3064.6065436092	-0.1635519660
0.0132815662	0.1375440820	0.1357590117	3070.5659672176	-0.1762443851
0.0142302495	0.1375507706	0.1355118052	3076.6974487134	-0.1889574707
0.0151789328	0.1375579082	0.1352519785	3091.7863196570	-0.2017285678
0.0161276161	0.1375654862	0.1349779888	3100.5377884228	-0.2145314827
0.0170762994	0.1375734981	0.1346898809	3109.3460114424	-0.2273665795
0.0180249827	0.1375819369	0.1343877001	3118.1897993863	-0.2402341399
0.0189736660	0.1375907956	0.1340714925	3127.0486665495	-0.2531343659
0.0199223493	0.1376000668	0.1337413063	3135.9028085784	-0.2660673815
0.0208710326	0.1376097429	0.1333971914	3144.7330846963	-0.2790332357
0.0218197159	0.1376198163	0.1330392012	3153.5210001805	-0.2920319043
0.0227683992	0.1376302788	0.1326673924	3162.2486865247	-0.3050632923
0.0237170825	0.1376411223	0.1322761216	3127.5446948227	-0.3179470644
0.0246657657	0.1376523330	0.1318673281	3113.2700880107	-0.3307683591
0.0256144490	0.1376639014	0.1314413010	3099.1901376838	-0.3435281566
0.0265631323	0.1376758181	0.1309983439	3085.3123520251	-0.3562274703
0.0275118156	0.1376880733	0.1305387741	3071.6402429308	-0.3688673297
0.0284604989	0.1377006571	0.1300629221	3058.1731308768	-0.3814487633
0.0294091822	0.1377135642	0.1295639868	3104.0019230415	-0.3942184539
0.0303578655	0.1377267890	0.1290445628	3121.5408688680	-0.4070589086
0.0313065488	0.1377403212	0.1285047828	3139.1702347807	-0.4199706799
0.0322552321	0.1377541505	0.1279448131	3156.7211429193	-0.4329536166
0.0332039154	0.1377682662	0.1273648272	3174.2002039547	-0.4460075960
0.0341525987	0.1377826576	0.1267650049	3191.6170075532	-0.4591325355
0.0351012820	0.1377973138	0.1261455315	3208.9836576604	-0.4723284035
0.0360499653	0.1378122238	0.1255065968	3226.3142932849	-0.4855952274
0.0369986486	0.1378273761	0.1248483944	3243.6245988273	-0.4989331003
0.0379473319	0.1378427594	0.1241711210	3260.9313087024	-0.5123421852
0.0388960152	0.1378583620	0.1234749753	3278.2517111448	-0.5258227176
0.0398446985	0.1378741719	0.1227601575	3295.6031558738	-0.5393750058
0.0407933818	0.1378901771	0.1220268682	3313.0025698379	-0.5529994293
0.0417420651	0.1379063652	0.1212753081	3330.4659846500	-0.5666964354
0.0426907484	0.1379227234	0.1205056771	3348.0080786317	-0.5804665340
0.0436394317	0.1379393176	0.1197181748	3365.9892428887	-0.5943108525
0.0445881150	0.1379571110	0.1189130233	3388.1481691599	-0.6082365327
0.0455367983	0.1379755525	0.1180904058	3407.1650393943	-0.6222389854
0.0464854816	0.1379946268	0.1172505117	3426.3037446078	-0.6363189024
0.0474341649	0.1380150033	0.1163935575	3448.5713018269	-0.6504818133
0.0483828482	0.1380363441	0.1155197220	3468.7819097271	-0.6647248632
0.0493315315	0.1380586356	0.1146291961	3489.1023783114	-0.6790486950
0.0502802148	0.1380818573	0.1137230109	3516.3593966491	-0.6934823734
0.0512288981	0.1381063713	0.1128013068	3538.5072085230	-0.7080006542
0.0521775814	0.1381319668	0.1118642722	3559.1809445022	-0.7226007617
0.0531262647	0.1381586301	0.1109121162	3579.6564138201	-0.7372820722
0.0540749480	0.1381863482	0.1099450626	3599.9365937619	-0.7520439816
0.0550236313	0.1382151085	0.1089633509	3620.0236124172	-0.7668859012
0.0559723146	0.1382448844	0.1079733066	3603.4349384581	-0.7816552299
0.0569209979	0.1382756240	0.1069716213	3605.4154792614	-0.7964300896
0.0578696812	0.1383073043	0.1059590621	3606.1810850275	-0.8112056773
0.0588183645	0.1383398998	0.1049363155	3606.5783524715	-0.8259807472
0.0597670478	0.1383733910	0.1038898483	2614.4716050275	-0.8366305323
0.0607157311	0.1384076624	0.1028366612	2625.0641479817	-0.8473221512
0.0616644144	0.1384426594	0.1017788109	2640.9428329905	-0.8580781888
0.0626130977	0.1384783327	0.1007164820	2657.2961912850	-0.8689009802
0.0635617810	0.1385146546	0.0996510473	2678.5567910543	-0.8798110647
0.0645104643	0.1385515997	0.0985822789	2698.1831913605	-0.8908017748
0.0654591476	0.1385891491	0.0975117213	2725.1176183209	-0.9019035575
0.0664078309	0.1386273214	0.0964416437	2763.0017661313	-0.9131620882
0.0673565142	0.1386660824	0.0953708588	2791.6890762921	-0.9245393560
0.0683051975	0.1387053959	0.0942993302	2820.1105496940	-0.9360344604
0.0692538808	0.1387452270	0.0932271299	2849.3311402353	-0.9476509840
0.0702025641	0.1387855424	0.0921542698	2878.9529763266	-0.9593908455
0.0711512474	0.1388263078	0.0910807436	2909.0881208714	-0.9712564428
0.0720999307	0.1388674881	0.0900065134	2939.6133530923	-0.9832496606
0.0730486139	0.1389090250	0.0889353430	2978.4677178046	-0.9954051038
0.0739972972	0.1389508126	0.0878647362	3010.9897912864	-1.0076973162
0.0749459805	0.1389928289	0.0867941113	3042.6663758241	-1.0201229636
0.0758946638	0.1390350552	0.0857233230	3074.5335707444	-1.0326829925
0.0768433471	0.1390775121	0.0846521175	3106.9254519619	-1.0453793162
0.0777920304	0.1391200206	0.0835788588	3133.4753723008	-1.0581901573
0.0787407137	0.1391624510	0.0824970677	3140.5468166005	-1.0710362650
0.0796893970	0.1392046196	0.0814083035	3161.7754591433	-1.0839779962
0.0806380803	0.1392464262	0.0803126344	3187.3160061972	-1.0970295112
0.0815867636	0.1392875842	0.0792098694	3210.9326185114	-1.1101904168
0.0825354469	0.1393280450	0.0780998355	3234.7486421946	-1.1234619474
0.0834841302	0.1393676363	0.0769825325	3261.6286837303	-1.1368544899
0.0844328135	0.1394065937	0.0758590603	3297.0576025079	-1.1504045810
0.0853814968	0.1394444323	0.0747294332	3323.8481042275	-1.1640817281
0.0863301801	0.1394809368	0.0735932559	3344.8465536772	-1.1778588376
0.0872788634	0.1395162262	0.0724505737	3363.8840278559	-1.1917321752
0.0882275467	0.1395502774	0.0713014085	3382.8488619480	-1.2057017664
0.0891762300	0.1395830664	0.0701458295	3401.6112106182	-1.2197670864
0.0901249133	0.1396145645	0.0689839160	3420.2461308525	-1.2339279649
0.0910735966	0.1396444937	0.0678156883	3439.8014996885	-1.2481836092
0.0920222799	0.1396721627	0.0666396125	3440.6528810785	-1.2624716251
0.0929709632	0.1396971164	0.0654529163	3436.3852342444	-1.2767755566
0.0939196465	0.1397193755	0.0642543941	3424.1579455156	-1.2910622831
0.0948683298	0.1397384788	0.0630426385	3420.8234936176	-1.3053739383
0.0958170131	0.1397540727	0.0618222165	3404.5398813398	-1.3196609973
0.0967656964	0.1397660978	0.0605942198	3386.5695119609	-1.3339175296
0.0977143797	0.1397742842	0.0593595655	3369.9927358694	-1.3481447212
0.0986630630	0.1397789108	0.0581192250	3351.6713925553	-1.3623399919
0.0996117463	0.1397797960	0.0568741778	3332.0746331197	-1.3765005470
0.1005604296	0.1397764842	0.0556253195	3307.3503171954	-1.3906100583
0.1015091129	0.1397690299	0.0543729239	3275.4119671065	-1.4046380202
0.1024577962	0.1397576217	0.0531162574	3246.1675929189	-1.4185941356
0.1034064795	0.1397423876	0.0518557994	3215.9414078647	-1.4324732451
0.1043551628	0.1397240054	0.0505951067	2660.4325539293	-1.4440808968
0.1053038461	0.1397028932	0.0493424835	2641.7675867648	-1.4556375179
0.1062525294	0.1396789843	0.0480995101	2627.1852179930	-1.4671514155
0.1072012127	0.1396525512	0.0468669542	2610.5671045971	-1.4786188582
0.1081498960	0.1396239372	0.0456431632	2590.9342241428	-1.4900240959
0.1090985793	0.1395936980	0.0444270938	2570.0105204706	-1.5013556881
0.1100472626	0.1395623324	0.0432188601	2549.3466887591	-1.5126090436
0.1109959459	0.1395301009	0.0420190271	2528.6357013517	-1.5237809713
0.1119446292	0.1394971908	0.0408271569	2506.0445878984	-1.5348605675
0.1128933125	0.1394638604	0.0396394516	2474.5360700423	-1.5458090908
0.1138419958	0.1394301427	0.0384567799	2442.1233488039	-1.5566211534
0.1147906791	0.1393960902	0.0372798347	2409.2949490770	-1.5672908955
0.1157393624	0.1393615445	0.0361086726	2371.0866174285	-1.5778014963
0.1166880457	0.1393266395	0.0349448844	2333.0559741535	-1.5881521362
0.1176367290	0.1392916923	0.0337900560	2296.0221447277	-1.5983433600
0.1185854123	0.1392569339	0.0326455798	2259.2618418479	-1.6083737956
0.1195340956	0.1392227430	0.0315126083	2222.6221617630	-1.6182405558
0.1204827789	0.1391890618	0.0303928378	2186.4330946844	-1.6279449342
0.1214314622	0.1391556752	0.0292879199	2150.7965955892	-1.6374887319
0.1223801454	0.1391226511	0.0281990206	2113.7720745367	-1.6468683129
0.1233288287	0.1390899057	0.0271273235	2075.8758362854	-1.6560813419
0.1242775120	0.1390574759	0.0260735107	2036.1249997560	-1.6651207932
0.1252261953	0.1390255326	0.0250387065	1997.1432631590	-1.6739870103
0.1261748786	0.1389942012	0.0240242357	1959.4757485326	-1.6826835052
0.1271235619	0.1389633698	0.0230306625	1920.3810994323	-1.6912044518
0.1280722452	0.1389331292	0.0220593259	1881.9399466093	-1.6995542944
0.1290209285	0.1389034068	0.0211110788	1843.5740550463	-1.7077336437
0.1299696118	0.1388741230	0.0201875398	1808.0889179510	-1.7157557588
0.1309182951	0.1388453485	0.0192905819	1778.0265805782	-1.7236428156
0.1318669784	0.1388170881	0.0184223034	1755.6886514654	-1.7314263290
0.1328156617	0.1387892410	0.0175836686	1737.5984260481	-1.7391247390
0.1337643450	0.1387616621	0.0167749267	1721.4357057926	-1.7467477677
0.1347130283	0.1387343725	0.0159968844	1711.1549136741	-1.7543196366
0.1356617116	0.1387074068	0.0152493956	1703.5396327619	-1.7618511199
0.1366103949	0.1386807957	0.0145319623	1697.4999402400	-1.7693482988
0.1375590782	0.1386546405	0.0138441827	1694.2145034205	-1.7768212723
0.1385077615	0.1386290790	0.0131852875	1692.2823959502	-1.7842739461
0.1394564448	0.1386041578	0.0125543374	1690.4737708051	-1.7917061774
0.1404051281	0.1385799121	0.0119504003	1688.7272318879	-1.7991177257
0.1413538114	0.1385563685	0.0113725525	1686.9796644696	-1.8065082295
0.1423024947	0.1385335465	0.0108198814	1685.1763921008	-1.8138772255
0.1432511780	0.1385114593	0.0102914880	1683.2703301047	-1.8212241639
0.1441998613	0.1384901145	0.0097864883	1681.2212193887	-1.8285484235
0.1451485446	0.1384695152	0.0093040159	1678.9949398862	-1.8358493243
0.1460972279	0.1384496603	0.0088432223	1676.5628689587	-1.8431261386
0.1470459112	0.1384305244	0.0084032981	1673.8073675308	-1.8503784147
0.1479945945	0.1384121044	0.0079834365	1670.9615270821	-1.8576057094
0.1489432778	0.1383943914	0.0075828451	1667.8550021964	-1.8648071789
0.1498919611	0.1383773759	0.0072007529	1664.5002510374	-1.8719819857
0.1508406444	0.1383610459	0.0068364114	1660.8597089270	-1.8791292521
0.1517893277	0.1383453878	0.0064890947	1656.9262895744	-1.8862480982
0.1527380110	0.1383303864	0.0061580994	1652.6953796902	-1.8933376470
0.1536866943	0.1383160256	0.0058427446	1648.1645303133	-1.9003970276
0.1546353776	0.1383022881	0.0055423717	1643.3331786622	-1.9074253792
0.1555840609	0.1382891552	0.0052563440	1638.1857240354	-1.9144218286
0.1565327442	0.1382766087	0.0049840466	1632.7482958048	-1.9213855463
0.1574814275	0.1382646300	0.0047248863	1627.0189611208	-1.9283157194
0.1584301108	0.1382532004	0.0044782909	1621.0023156883	-1.9352115535
0.1593787941	0.1382423008	0.0042437091	1614.7038311202	-1.9420722742
0.1603274774	0.1382319125	0.0040206098	1608.1297102291	-1.9488971285
0.1612761607	0.1382220165	0.0038084817	1601.2867578584	-1.9556853855
0.1622248440	0.1382125941	0.0036068331	1594.1822658836	-1.9624363371
0.1631735273	0.1382036270	0.0034151908	1586.8239111067	-1.9691492986
0.1641222106	0.1381950971	0.0032331005	1579.2196648616	-1.9758236086
0.1650708939	0.1381869864	0.0030601254	1571.3777132386	-1.9824586298
0.1660195772	0.1381792777	0.0028958463	1563.3063869226	-1.9890537485
0.1669682605	0.1381719538	0.0027398608	1555.0140997210	-1.9956083746
0.1679169438	0.1381649983	0.0025917830	1546.5092949354	-2.0021219418
0.1688656271	0.1381583950	0.0024512428	1537.8003988006	-2.0085939070
0.1698143104	0.1381521283	0.0023178853	1528.8957802822	-2.0150237500
0.1707629936	0.1381461831	0.0021913707	1519.8037165866	-2.0214109730
0.1717116769	0.1381405446	0.0020713735	1510.5323637910	-2.0277551006
0.1726603602	0.1381352191	0.0019575820	1500.9807841121	-2.0340555132
0.1736090435	0.1381301998	0.0018496979	1491.2289418445	-2.0403117241
0.1745577268	0.1381254741	0.0017474358	1481.3215064437	-2.0465233237
0.1755064101	0.1381210272	0.0016505228	1471.2774363715	-2.0526899397
0.1764550934	0.1381168445	0.0015586981	1461.1069305602	-2.0588112233
0.1774037767	0.1381129117	0.0014717121	1450.8171847290	-2.0648868446
0.1783524600	0.1381092151	0.0013893268	1440.4143174121	-2.0709164903
0.1793011433	0.1381057417	0.0013113144	1429.9039997740	-2.0768998634
0.1802498266	0.1381024788	0.0012374578	1419.2916531469	-2.0828366821
0.1811985099	0.1380994148	0.0011675495	1408.5825060839	-2.0887266797
0.1821471932	0.1380965382	0.0011013915	1397.7816080164	-2.0945696037
0.1830958765	0.1380938383	0.0010387952	1386.8938310357	-2.1003652156
0.1840445598	0.1380913049	0.0009795803	1375.9238695556	-2.1061132902
0.1849932431	0.1380889284	0.0009235752	1364.8762405616	-2.1118136151
0.1859419264	0.1380866997	0.0008706163	1353.7552849678	-2.1174659904
0.1868906097	0.1380846099	0.0008205476	1342.5651699948	-2.1230702279
0.1878392930	0.1380826510	0.0007732205	1331.3098923547	-2.1286261508
0.1887879763	0.1380808150	0.0007284936	1319.9932820455	-2.1341335933
0.1897366596	0.1380790948	0.0006862321	1308.6190065976	-2.1395924001
0.1906853429	0.1380774832	0.0006463078	1297.1905756423	-2.1450024257
0.1916340262	0.1380759738	0.0006085986	1285.7113457133	-2.1503635345
0.1925827095	0.1380745603	0.0005729884	1274.1845252058	-2.1556755998
0.1935313928	0.1380732369	0.0005393668	1262.6131794375	-2.1609385038
0.1944800761	0.1380719981	0.0005076287	1251.0002357658	-2.1661521372
0.1954287594	0.1380708386	0.0004776742	1239.3484887247	-2.1713163985
0.1963774427	0.1380697535	0.0004494085	1227.6606051507	-2.1764311942
0.1973261260	0.1380687383	0.0004227413	1215.9391292731	-2.1814964379
0.1982748093	0.1380677885	0.0003975870	1204.1864877481	-2.1865120504
0.1992234926	0.1380669001	0.0003738641	1192.4049946204	-2.1914779590
0.2001721759	0.1380660692	0.0003514954	1180.5968561960	-2.1963940977
0.2011208592	0.1380652922	0.0003304075	1168.7641758178	-2.2012604064
0.2020695425	0.1380645656	0.0003105307	1156.9089585314	-2.2060768310
0.2030182258	0.1380638863	0.0002917990	1145.0331156361	-2.2108433232
0.2039669091	0.1380632513	0.0002741497	1133.1384691132	-2.2155598396
0.2049155924	0.1380626577	0.0002575232	1121.2267559280	-2.2202263424
0.2058642757	0.1380621028	0.0002418632	1109.2996322029	-2.2248427984
0.2068129590	0.1380615843	0.0002271162	1097.3586772573	-2.2294091795
0.2077616423	0.1380610996	0.0002132316	1085.4053975153	-2.2339254616
0.2087103256	0.1380606468	0.0002001613	1073.4412302792	-2.2383916254
0.2096590089	0.1380602236	0.0001878598	1061.4675473694	-2.2428076555
0.2106076922	0.1380598282	0.0001762839	1049.4856586318	-2.2471735406
0.2115563755	0.1380594587	0.0001653930	1037.4968153137	-2.2514892731
0.2125050588	0.1380591135	0.0001551482	1025.5022133102	-2.2557548491
0.2134537421	0.1380587910	0.0001455131	1013.5029962826	-2.2599702684
0.2144024254	0.1380584897	0.0001364529	1001.5002586524	-2.2641355341
0.2153511087	0.1380582082	0.0001279350	989.4950484719	-2.2682506525
0.2162997920	0.1380579452	0.0001199283	977.4883701764	-2.2723156331
0.2172484753	0.1380576994	0.0001124035	965.4811872181	-2.2763304886
0.2181971586	0.1380574698	0.0001053329	953.4744245885	-2.2802952345
0.2191458418	0.1380572553	0.0000986902	941.4689712284	-2.2842098892
0.2200945251	0.1380570549	0.0000924507	929.4656823322	-2.2880744739
0.2210432084	0.1380568677	0.0000865910	917.4653815476	-2.2918890124
0.2219918917	0.1380566923	0.0000810889	905.4663593894	-2.2956535247
0.2229405750	0.1380565263	0.0000759236	893.4572980735	-2.2993680002
0.2238892583	0.1380563686	0.0000710752	881.4435050566	-2.3030324392
0.2248379416	0.1380562188	0.0000665252	869.4292906446	-2.3066468535
0.2257866249	0.1380560765	0.0000622559	857.4175533888	-2.3102112630
0.2267353082	0.1380559414	0.0000582508	845.4102407065	-2.3137256938
0.2276839915	0.1380558130	0.0000544942	833.4087216277	-2.3171901764
0.2286326748	0.1380556911	0.0000509712	821.4140137809	-2.3206047449
0.2295813581	0.1380555754	0.0000476680	809.4269156891	-2.3239694358
0.2305300414	0.1380554655	0.0000445714	797.4480848377	-2.3272842883
0.2314787247	0.1380553612	0.0000416689	785.4780849136	-2.3305493431
0.2324274080	0.1380552623	0.0000389490	773.5174150682	-2.3337646430
0.2333760913	0.1380551684	0.0000364005	761.5665283578	-2.3369302321
0.2343247746	0.1380550794	0.0000340130	749.6258434831	-2.3400461560
0.2352734579	0.1380549949	0.0000317769	737.6957522843	-2.3431124614
0.2362221412	0.1380549148	0.0000296828	725.7766244971	-2.3461291963
0.2371708245	0.1380548389	0.0000277221	713.8688107109	-2.3490964096
0.2381195078	0.1380547669	0.0000258866	701.9726441266	-2.3520141512
0.2390681911	0.1380546987	0.0000241686	690.0884414924	-2.3548824717
0.2400168744	0.1380546341	0.0000225609	678.2165034611	-2.3577014224
0.2409655577	0.1380545729	0.0000210567	666.3571145232	-2.3604710550
0.2419142410	0.1380545149	0.0000196496	654.5105426114	-2.3631914219
0.2428629243	0.1380544600	0.0000183334	642.6770384364	-2.3658625754
0.2438116076	0.1380544080	0.0000171026	630.8568345908	-2.3684845680
0.2447602909	0.1380543587	0.0000159518	619.0501444370	-2.3710574519
0.2457089742	0.1380543122	0.0000148760	607.2571607910	-2.3735812790
0.2466576575	0.1380542681	0.0000138705	595.4780544024	-2.3760561005
0.2476063408	0.1380542263	0.0000129308	583.7129722295	-2.3784819669
0.2485550241	0.1380541869	0.0000120528	571.9620355048	-2.3808589271
0.2495037074	0.1380541496	0.0000112327	560.2253375864	-2.3831870288
0.2504523907	0.1380541143	0.0000104666	548.5029415917	-2.3854663176
0.2514010740	0.1380540809	0.0000097512	536.7948778094	-2.3876968367
0.2523497573	0.1380540494	0.0000090832	525.1011408926	-2.3898786267
0.2532984406	0.1380540196	0.0000084596	513.4216868377	-2.3920117245
0.2542471239	0.1380539914	0.0000078776	501.7564297634	-2.3940961633
0.2551958072	0.1380539648	0.0000073344	490.1052385098	-2.3961319718
0.2561444905	0.1380539397	0.0000068276	478.4679330944	-2.3981191734
0.2570931738	0.1380539160	0.0000063548	466.8442810739	-2.4000577854
0.2580418571	0.1380538936	0.0000059138	455.2339938815	-2.4019478184
0.2589905404	0.1380538724	0.0000055026	443.6367232393	-2.4037892751
0.2599392237	0.1380538525	0.0000051191	432.0520577684	-2.4055821498
0.2608879070	0.1380538337	0.0000047616	420.4795199722	-2.4073264268
0.2618365903	0.1380538159	0.0000044283	408.9185638053	-2.4090220797
0.2627852736	0.1380537992	0.0000041178	397.3685731142	-2.4106690700
0.2637339569	0.1380537834	0.0000038284	385.8288612980	-2.4122673461
0.2646826402	0.1380537685	0.0000035588	374.2986726449	-2.4138168422
0.2656313235	0.1380537545	0.0000033077	362.7771858909	-2.4153174766
0.2665800068	0.1380537413	0.0000030738	351.2635207002	-2.4167691510
0.2675286901	0.1380537288	0.0000028560	339.7567478966	-2.4181717493
0.2684773733	0.1380537171	0.0000026532	328.2559044785	-2.4195251367
0.2694260566	0.1380537060	0.0000024645	316.7600146327	-2.4208291589
0.2703747399	0.1380536957	0.0000022888	305.2681181945	-2.4220836418
0.2713234232	0.1380536859	0.0000021254	293.7793082354	-2.4232883918
0.2722721065	0.1380536767	0.0000019733	282.2927796715	-2.4244431962
0.2732207898	0.1380536680	0.0000018318	270.8078909700	-2.4255478249
0.2741694731	0.1380536599	0.0000017002	259.3242411840	-2.4266020329
0.2751181564	0.1380536522	0.0000015778	247.8417647804	-2.4276055638
0.2760668397	0.1380536450	0.0000014640	236.3608469165	-2.4285581555
0.2770155230	0.1380536383	0.0000013583	224.8824604319	-2.4294595468
0.2779642063	0.1380536319	0.0000012599	213.4083224733	-2.4303094867
0.2789128896	0.1380536260	0.0000011686	201.9410671006	-2.4311077463
0.2798615729	0.1380536204	0.0000010836	190.4844296150	-2.4318541320
0.2808102562	0.1380536151	0.0000010048	179.0434336716	-2.4325485030
0.2817589395	0.1380536102	0.0000009315	167.6245635255	-2.4331907898
0.2827076228	0.1380536056	0.0000008634	156.2358966950	-2.4337810155
0.2836563061	0.1380536012	0.0000008002	144.8871758732	-2.4343193177
0.2846049894	0.1380535971	0.0000007416	133.5897983721	-2.4348059707
0.2855536727	0.1380535933	0.0000006871	122.3566923260	-2.4352414064
0.2865023560	0.1380535897	0.0000006365	111.2020544658	-2.4356262309
0.2874510393	0.1380535864	0.0000005896	100.1409429754	-2.4359612363
0.2883997226	0.1380535833	0.0000005461	89.1887422019	-2.4362474044
0.2893484059	0.1380535803	0.0000005057	78.3605413071	-2.4364859021
0.2902970892	0.1380535776	0.0000004682	67.6704912025	-2.4366780672
0.2912457725	0.1380535750	0.0000004335	57.1312164413	-2.4368253852
0.2921944558	0.1380535726	0.0000004013	46.7533556521	-2.4369294594
0.2931431391	0.1380535703	0.0000003714	36.5452845406	-2.4369919766
0.2940918224	0.1380535682	0.0000003437	26.5130438831	-2.4370146708
0.2950405057	0.1380535663	0.0000003180	16.6604602083	-2.4369992888
0.2959891890	0.1380535644	0.0000002942	6.9894181864	-2.4369475588
0.2969378723	0.1380535627	0.0000002722	-2.4997723162	-2.4368611650
0.2978865556	0.1380535611	0.0000002518	-11.8079733274	-2.4367417283
0.2988352389	0.1380535596	0.0000002329	-20.9368294983	-2.4365907924
0.2997839222	0.1380535582	0.0000002153	-29.8884264111	-2.4364098165
0.3007326055	0.1380535569	0.0000001991	-38.6650140582	-2.4362001713
0.3016812888	0.1380535557	0.0000001841	-47.2687994481	-2.4359631400
0.3026299721	0.1380535545	0.0000001702	-55.7018029717	-2.4356999209
0.3035786554	0.1380535535	0.0000001573	-63.9657681939	-2.4354116319
0.3045273387	0.1380535525	0.0000001454	-72.0621129862	-2.4350993165
0.3054760220	0.1380535516	0.0000001343	-79.9919108059	-2.4347639493
0.3064247053	0.1380535507	0.0000001241	-87.7558922900	-2.4344064428
0.3073733886	0.1380535499	0.0000001147	-95.3544597904	-2.4340276530
0.3083220719	0.1380535491	0.0000001059	-102.7877092526	-2.4336283853
0.3092707552	0.1380535485	0.0000000979	-110.0554557682	-2.4332093997
0.3102194385	0.1380535478	0.0000000904	-117.1572602587	-2.4327714156
0.3111681218	0.1380535472	0.0000000835	-124.0924557969	-2.4323151162
0.3121168051	0.1380535467	0.0000000771	-130.8601728538	-2.4318411524
0.3130654884	0.1380535461	0.0000000712	-137.4593630044	-2.4313501463
0.3140141717	0.1380535457	0.0000000657	-143.8888208924	-2.4308426944
0.3149628550	0.1380535452	0.0000000607	-150.1472047604	-2.4303193705
0.3159115383	0.1380535448	0.0000000560	-156.2330552838	-2.4297807279
0.3168602215	0.1380535444	0.0000000517	-162.1448132920	-2.4292273021
0.3178089048	0.1380535440	0.0000000477	-167.8808360350	-2.4286596124
0.3187575881	0.1380535437	0.0000000440	-173.4394128015	-2.4280781639
0.3197062714	0.1380535434	0.0000000406	-178.8187791548	-2.4274834490
0.3206549547	0.1380535431	0.0000000375	-184.0171308008	-2.4268759492
0.3216036380	0.1380535428	0.0000000346	-189.0326366179	-2.4262561359
0.3225523213	0.1380535426	0.0000000319	-193.8634510212	-2.4256244717
0.3235010046	0.1380535424	0.0000000294	-198.5077259442	-2.4249814119
0.3244496879	0.1380535421	0.0000000272	-202.9636222094	-2.4243274049
0.3253983712	0.1380535419	0.0000000251	-207.2293206486	-2.4236628934
0.3263470545	0.1380535418	0.0000000231	-211.3030326016	-2.4229883152
0.3272957378	0.1380535416	0.0000000213	-215.1830104044	-2.4223041036
0.3282444211	0.1380535414	0.0000000197	-218.8675571149	-2.4216106886
0.3291931044	0.1380535413	0.0000000181	-222.3550363247	-2.4209084969
0.3301417877	0.1380535411	0.0000000167	-225.6438816511	-2.4201979531
0.3310904710	0.1380535410	0.0000000154	-228.7326055236	-2.4194794796
0.3320391543	0.1380535409	0.0000000142	-231.6198082319	-2.4187534974
0.3329878376	0.1380535408	0.0000000131	-234.3041865037	-2.4180204265
0.3339365209	0.1380535407	0.0000000121	-236.7845417416	-2.4172806863
0.3348852042	0.1380535406	0.0000000111	-239.0597879109	-2.4165346957
0.3358338875	0.1380535405	0.0000000103	-241.1289595854	-2.4157828739
0.3367825708	0.1380535404	0.0000000095	-242.9912191196	-2.4150256402
0.3377312541	0.1380535404	0.0000000087	-244.6458643711	-2.4142634146
0.3386799374	0.1380535403	0.0000000081	-246.0923348375	-2.4134966181
0.3396286207	0.1380535402	0.0000000074	-247.3302189749	-2.4127256725
0.3405773040	0.1380535402	0.0000000068	-248.3592598504	-2.4119510011
0.3415259873	0.1380535401	0.0000000063	-249.1793615932	-2.4111730284
0.3424746706	0.1380535401	0.0000000058	-249.7905947369	-2.4103921809
0.3434233539	0.1380535400	0.0000000054	-250.1932013156	-2.4096088865
0.3443720372	0.1380535400	0.0000000049	-250.3876000773	-2.4088235751
0.3453207205	0.1380535399	0.0000000046	-250.3743903871	-2.4080366785
0.3462694038	0.1380535399	0.0000000042	-250.1543570374	-2.4072486308
0.3472180871	0.1380535399	0.0000000039	-249.7284724611	-2.4064598679
0.3481667704	0.1380535398	0.0000000036	-249.0979020115	-2.4056708280
0.3491154537	0.1380535398	0.0000000033	-248.2640039962	-2.4048819514
0.3500641370	0.1380535398	0.0000000030	-247.2283343850	-2.4040936806
0.3510128203	0.1380535398	0.0000000028	-245.9926470381	-2.4033064602
0.3519615036	0.1380535397	0.0000000026	-244.5588945851	-2.4025207370
0.3529101869	0.1380535397	0.0000000024	-113.8896911546	-2.4019971551
0.3538588702	0.1380535397	0.0000000022	71.5479120930	-2.4020748408
0.3548075535	0.1380535397	0.0000000021	272.8939137764	-2.4029705304
0.3557562368	0.1380535396	0.0000000019	477.6953314378	-2.4047677946
0.3567049201	0.1380535396	0.0000000018	675.3109940639	-2.4074425021
0.3576536034	0.1380535396	0.0000000017	860.9957943379	-2.4109282586
0.3586022867	0.1380535396	0.0000000016	1034.2006296304	-2.4151576826
0.3595509700	0.1380535395	0.0000000015	1195.6609982445	-2.4200722247
0.3604996533	0.1380535395	0.0000000014	1346.1759498762	-2.4256208302
0.3614483366	0.1380535395	0.0000000013	1486.4050453216	-2.4317575721
0.3623970199	0.1380535394	0.0000000012	1616.9115310685	-2.4384401713
0.3633457032	0.1380535394	0.0000000012	1738.2144536422	-2.4456292321
0.3642943865	0.1380535394	0.0000000011	1850.8160557394	-2.4532878630
0.3652430697	0.1380535394	0.0000000011	1955.2113844435	-2.4613814781
0.3661917530	0.1380535393	0.0000000010	2051.8888180411	-2.4698776744
0.3671404363	0.1380535393	0.0000000010	2141.3268590688	-2.4787461341
0.3680891196	0.1380535393	0.0000000009	2223.9899956583	-2.4879585335
0.3690378029	0.1380535393	0.0000000009	2300.3249223098	-2.4974884476
0.3699864862	0.1380535392	0.0000000008	2370.7575674107	-2.5073112505
0.3709351695	0.1380535392	0.0000000008	2435.6910923732	-2.5174040121
0.3718838528	0.1380535392	0.0000000008	2495.5047568171	-2.5277453928
0.3728325361	0.1380535392	0.0000000007	2550.5535241578	-2.5383155388
0.3737812194	0.1380535392	0.0000000007	2601.1682322930	-2.5490959786
0.3747299027	0.1380535391	0.0000000007	2647.6562110438	-2.5600695239
0.3756785860	0.1380535391	0.0000000007	2690.3021894809	-2.5712201736
0.3766272693	0.1380535391	0.0000000006	2729.3694211707	-2.5825330241
0.3775759526	0.1380535391	0.0000000006	2765.1009045888	-2.5939941841
0.3785246359	0.1380535391	0.0000000006	2797.7206975195	-2.6055906951
0.3794733192	0.1380535391	0.0000000006	2827.4352328460	-2.6173104579
0.3804220025	0.1380535390	0.0000000005	2854.4345754874	-2.6291421645
0.3813706858	0.1380535390	0.0000000005	2878.8937012254	-2.6410752344
0.3823193691	0.1380535390	0.0000000005	2900.9736925026	-2.6530997574
0.3832680524	0.1380535390	0.0000000005	2920.8228795029	-2.6652064398
0.3842167357	0.1380535390	0.0000000005	2938.5778719529	-2.6773865560
0.3851654190	0.1380535390	0.0000000004	2954.3645739385	-2.6896319036
0.3861141023	0.1380535389	0.0000000004	2968.2990767684	-2.7019347628
0.3870627856	0.1380535389	0.0000000004	2980.4885255145	-2.7142878589
0.3880114689	0.1380535389	0.0000000004	2991.0318718786	-2.7266843282
0.3889601522	0.1380535389	0.0000000004	3000.0205991796	-2.7391176870
0.3899088355	0.1380535389	0.0000000004	3007.5393579645	-2.7515818033
0.3908575188	0.1380535389	0.0000000004	3013.6665888439	-2.7640708704
0.3918062021	0.1380535389	0.0000000003	3018.4750564750	-2.7765793840
0.3927548854	0.1380535389	0.0000000003	3022.0323135926	-2.7891021202
0.3937035687	0.1380535389	0.0000000003	3024.4012128313	-2.8016341156
0.3946522520	0.1380535388	0.0000000003	3025.6402521360	-2.8141706497
0.3956009353	0.1380535388	0.0000000003	3025.8040375822	-2.8267072286
0.3965496186	0.1380535388	0.0000000003	3024.9435257302	-2.8392395696
0.3974983019	0.1380535388	0.0000000003	3023.1063658162	-2.8517635876
0.3984469852	0.1380535388	0.0000000003	3020.3372462506	-2.8642753826
0.3993956685	0.1380535388	0.0000000003	3016.6780422443	-2.8767712285
0.4003443518	0.1380535388	0.0000000003	3012.1681338532	-2.8892475620
0.4012930351	0.1380535388	0.0000000002	3006.8445786900	-2.9017009736
0.4022417184	0.1380535388	0.0000000002	3000.7423344030	-2.9141281984
0.4031904017	0.1380535388	0.0000000002	2993.8943351460	-2.9265261078
0.4041390850	0.1380535388	0.0000000002	2986.3318544464	-2.9388917029
0.4050877683	0.1380535387	0.0000000002	2978.0843867033	-2.9512221067
0.4060364516	0.1380535387	0.0000000002	2969.1800165599	-2.9635145582
0.4069851349	0.1380535387	0.0000000002	2959.6453928961	-2.9757664070
0.4079338182	0.1380535387	0.0000000002	2949.5058828173	-2.9879751071
0.4088825015	0.1380535387	0.0000000002	2938.7856742953	-3.0001382129
0.4098311848	0.1380535387	0.0000000002	2927.5078899564	-3.0122533740
0.4107798681	0.1380535387	0.0000000002	2915.6946322889	-3.0243183315
0.4117285514	0.1380535387	0.0000000002	2903.3670557792	-3.0363309136
0.4126772347	0.1380535387	0.0000000002	2890.5455032865	-3.0482890327
0.4136259180	0.1380535387	0.0000000002	2877.2494856899	-3.0601906814
0.4145746012	0.1380535387	0.0000000001	2863.4978939957	-3.0720339305
0.4155232845	0.1380535387	0.0000000001	2849.1086599145	-3.0838162461
0.4164719678	0.1380535387	0.0000000001	2838.3032187811	-3.0955528971
0.4174206511	0.1380535387	0.0000000001	2826.9860069417	-3.1072417928
0.4183693344	0.1380535387	0.0000000001	2815.1669981584	-3.1188808552
0.4193180177	0.1380535387	0.0000000001	2802.8608441863	-3.1304680488
0.4202667010	0.1380535387	0.0000000001	2790.0848231840	-3.1420013984
0.4212153843	0.1380535387	0.0000000001	2776.8576137131	-3.1534789989
0.4221640676	0.1380535387	0.0000000001	2763.1984562926	-3.1648990204
0.4231127509	0.1380535387	0.0000000001	2749.1266855113	-3.1762597106
0.4240614342	0.1380535386	0.0000000001	2734.6612779181	-3.1875593942
0.4250101175	0.1380535386	0.0000000001	2719.8208673448	-3.1987964723
0.4259588008	0.1380535386	0.0000000001	2704.6234658621	-3.2099694203
0.4269074841	0.1380535386	0.0000000001	2689.0865017554	-3.2210767855
0.4278561674	0.1380535386	0.0000000001	2673.2268198384	-3.2321171851
0.4288048507	0.1380535386	0.0000000001	2657.0605938330	-3.2430893034
0.4297535340	0.1380535386	0.0000000001	2640.6034385139	-3.2539918894
0.4307022173	0.1380535386	0.0000000001	2623.8703667820	-3.2648237543
0.4316509006	0.1380535386	0.0000000001	2606.8757561629	-3.2755837693
0.4325995839	0.1380535386	0.0000000001	2589.6335948845	-3.2862708633
0.4335482672	0.1380535386	0.0000000001	2572.1571583897	-3.2968840205
0.4344969505	0.1380535386	0.0000000001	2554.4593904699	-3.3074222786
0.4354456338	0.1380535386	0.0000000001	2536.5525819616	-3.3178847263
0.4363943171	0.1380535386	0.0000000001	2518.4487237989	-3.3282705020
0.4373430004	0.1380535386	0.0000000001	2500.1591836953	-3.3385787909
0.4382916837	0.1380535386	0.0000000001	2481.6950646353	-3.3488088244
0.4392403670	0.1380535386	0.0000000001	2463.0669269825	-3.3589598774
0.4401890503	0.1380535386	0.0000000000	2444.2850031113	-3.3690312671
0.4411377336	0.1380535386	0.0000000000	2425.3590922708	-3.3790223512
0.4420864169	0.1380535386	0.0000000000	2406.2987346434	-3.3889325267
0.4430351002	0.1380535386	0.0000000000	2387.1128466663	-3.3987612271
0.4439837835	0.1380535386	0.0000000000	2367.8102896408	-3.4085079228
0.4449324668	0.1380535386	0.0000000000	2348.3994032614	-3.4181721183
0.4458811501	0.1380535386	0.0000000000	2328.8883170809	-3.4277533514
0.4468298334	0.1380535386	0.0000000000	2309.2846973095	-3.4372511915
0.4477785167	0.1380535386	0.0000000000	2289.5961066942	-3.4466652391
0.4487272000	0.1380535386	0.0000000000	2269.8295972694	-3.4559951234
0.4496758833	0.1380535386	0.0000000000	2249.9920672484	-3.4652405020
0.4506245666	0.1380535386	0.0000000000	2230.0902034736	-3.4744010599
0.4515732499	0.1380535386	0.0000000000	2210.1302437553	-3.4834765073
0.4525219332	0.1380535386	0.0000000000	2190.1183524499	-3.4924665797
0.4534706165	0.1380535386	0.0000000000	2170.0602742790	-3.5013710363
0.4544192998	0.1380535386	0.0000000000	2149.9616300559	-3.5101896586
0.4553679831	0.1380535386	0.0000000000	2129.8278482971	-3.5189222507
0.4563166664	0.1380535386	0.0000000000	2109.6640904166	-3.5275686374
0.4572653497	0.1380535386	0.0000000000	2089.4752202321	-3.5361286632
0.4582140330	0.1380535386	0.0000000000	2069.2660303139	-3.5446021922
0.4591627163	0.1380535386	0.0000000000	2049.0410676004	-3.5529891068
0.4601113996	0.1380535386	0.0000000000	2028.8064985995	-3.5612893145
0.4610600829	0.1380535386	0.0000000000	2008.5644232868	-3.5695027311
0.4620087662	0.1380535386	0.0000000000	1988.3188637620	-3.5776292884
0.4629574494	0.1380535386	0.0000000000	1968.0737763708	-3.5856689343
0.4639061327	0.1380535386	0.0000000000	1947.8325002053	-3.5936216294
0.4648548160	0.1380535386	0.0000000000	1927.5988733630	-3.6014873502
0.4658034993	0.1380535386	0.0000000000	1907.3770802197	-3.6092660921
0.4667521826	0.1380535386	0.0000000000	1887.1708097245	-3.6169578670
0.4677008659	0.1380535386	0.0000000000	1866.9835646471	-3.6245627013
0.4686495492	0.1380535386	0.0000000000	1846.8182297999	-3.6320806330
0.4695982325	0.1380535386	0.0000000000	1826.6776605099	-3.6395117115
0.4705469158	0.1380535386	0.0000000000	1806.5643187197	-3.6468559956
0.4714955991	0.1380535386	0.0000000000	1786.4808253884	-3.6541135542
0.4724442824	0.1380535386	0.0000000000	1766.4294221743	-3.6612844647
0.4733929657	0.1380535386	0.0000000000	1746.4124356710	-3.6683688139
0.4743416490	0.1380535386	0.0000000000	1726.4321696389	-3.6753666973
0.4752903323	0.1380535386	0.0000000000	1706.4906391001	-3.6822782185
0.4762390156	0.1380535386	0.0000000000	1686.5900587893	-3.6891034898
0.4771876989	0.1380535386	0.0000000000	1666.7323275351	-3.6958426312
0.4781363822	0.1380535386	0.0000000000	1646.9193522110	-3.7024957703
0.4790850655	0.1380535386	0.0000000000	1627.1531001186	-3.7090630427
0.4800337488	0.1380535386	0.0000000000	1607.4351532219	-3.7155445907
0.4809824321	0.1380535386	0.0000000000	1587.7673345340	-3.7219405638
0.4819311154	0.1380535386	0.0000000000	1568.1511032105	-3.7282511176
0.4828797987	0.1380535386	0.0000000000	1548.5881299479	-3.7344764151
0.4838284820	0.1380535386	0.0000000000	1529.0798814143	-3.7406166250
0.4847771653	0.1380535386	0.0000000000	1509.6276801546	-3.7466719220
0.4857258486	0.1380535386	0.0000000000	1490.2329468850	-3.7526424869
0.4866745319	0.1380535386	0.0000000000	1470.8969552664	-3.7585285063
0.4876232152	0.1380535386	0.0000000000	1451.6208335966	-3.7643301716
0.4885718985	0.1380535386	0.0000000000	1432.4056455098	-3.7700476793
0.4895205818	0.1380535386	0.0000000000	1413.2526979485	-3.7756812319
0.4904692651	0.1380535386	0.0000000000	1394.1627662810	-3.7812310357
0.4914179484	0.1380535386	0.0000000000	1375.1371306723	-3.7866973033
0.4923666317	0.1380535386	0.0000000000	1356.1763890488	-3.7920802503
0.4933153150	0.1380535386	0.0000000000	1337.2814374096	-3.7973800973
0.4942639983	0.1380535386	0.0000000000	1318.4532665208	-3.8025970699
0.4952126816	0.1380535386	0.0000000000	1299.6924504183	-3.8077313973
0.4961613649	0.1380535386	0.0000000000	1280.9996585523	-3.8127833128
0.4971100482	0.1380535386	0.0000000000	1262.3757520863	-3.8177530546
0.4980587315	0.1380535386	0.0000000000	1243.8211860293	-3.8226408643
0.4990074148	0.1380535386	0.0000000000	1225.3363814646	-3.8274469872
0.4999560981	0.1380535386	0.0000000000	1206.9222166039	-3.8321716737
0.5009047814	0.1380535386	0.0000000000	1188.5789934202	-3.8368151775
0.5018534647	0.1380535386	0.0000000000	1170.3070294349	-3.8413777559
0.5028021480	0.1380535386	0.0000000000	1152.1067412850	-3.8458596698
0.5037508313	0.1380535386	0.0000000000	1133.9786884742	-3.8502611853
0.5046995146	0.1380535386	0.0000000000	1115.9229936343	-3.8545825710
0.5056481979	0.1380535386	0.0000000000	1097.9401886623	-3.8588241010
0.5065968812	0.1380535386	0.0000000000	1080.0301768781	-3.8629860515
0.5075455645	0.1380535386	0.0000000000	1062.1934405315	-3.8670687039
0.5084942478	0.1380535386	0.0000000000	1044.4302369113	-3.8710723439
0.5094429311	0.1380535386	0.0000000000	1026.7405396376	-3.8749972607
0.5103916144	0.1380535386	0.0000000000	1009.1246365566	-3.8788437480
0.5113402976	0.1380535386	0.0000000000	991.5825024656	-3.8826121035
0.5122889809	0.1380535386	0.0000000000	974.1145050895	-3.8863026304
0.5132376642	0.1380535386	0.0000000000	956.7205102528	-3.8899156354
0.5141863475	0.1380535386	0.0000000000	939.4007631212	-3.8934514308
0.5151350308	0.1380535386	0.0000000000	922.1551166088	-3.8969103330
0.5160837141	0.1380535386	0.0000000000	904.9835750554	-3.9002926630
0.5170323974	0.1380535386	0.0000000000	887.8865458251	-3.9035987488
0.5179810807	0.1380535386	0.0000000000	870.8637798600	-3.9068289224
0.5189297640	0.1380535386	0.0000000000	853.9151368673	-3.9099835210
0.5198784473	0.1380535386	0.0000000000	837.0409314882	-3.9130628884
0.5208271306	0.1380535386	0.0000000000	820.2408454304	-3.9160673732
0.5217758139	0.1380535386	0.0000000000	803.5148364912	-3.9189973299
0.5227244972	0.1380535386	0.0000000000	786.8633480034	-3.9218531211
0.5236731805	0.1380535386	0.0000000000	770.2861194217	-3.9246351149
0.5246218638	0.1380535386	0.0000000000	753.7828513623	-3.9273436847
0.5255705471	0.1380535386	0.0000000000	737.3538661483	-3.9299792123
0.5265192304	0.1380535386	0.0000000000	720.9989183660	-3.9325420853
0.5274679137	0.1380535386	0.0000000000	704.7179746015	-3.9350326984
0.5284165970	0.1380535386	0.0000000000	688.5111390663	-3.9374514545
0.5293652803	0.1380535386	0.0000000000	672.3782156772	-3.9397987626
0.5303139636	0.1380535386	0.0000000000	656.3194765255	-3.9420750411
0.5312626469	0.1380535386	0.0000000000	640.3346127321	-3.9442807145
0.5322113302	0.1380535386	0.0000000000	624.4233042925	-3.9464162141
0.5331600135	0.1380535386	0.0000000000	608.5861346087	-3.9484819814
0.5341086968	0.1380535386	0.0000000000	592.8227024382	-3.9504784644
0.5350573801	0.1380535386	0.0000000000	577.1331263847	-3.9524061200
0.5360060634	0.1380535386	0.0000000000	561.5171216651	-3.9542654117
0.5369547467	0.1380535386	0.0000000000	545.9750172749	-3.9560568127
0.5379034300	0.1380535386	0.0000000000	530.5063682604	-3.9577808027
0.5388521133	0.1380535386	0.0000000000	515.1116239177	-3.9594378712
0.5398007966	0.1380535386	0.0000000000	499.7901425005	-3.9610285136
0.5407494799	0.1380535386	0.0000000000	484.5422861033	-3.9625532343
0.5416981632	0.1380535386	0.0000000000	469.3677840976	-3.9640125451
0.5426468465	0.1380535386	0.0000000000	454.2667746357	-3.9654069661
0.5435955298	0.1380535386	0.0000000000	439.2390537718	-3.9667370242
0.5445442131	0.1380535386	0.0000000000	424.2843817124	-3.9680032531
0.5454928964	0.1380535386	0.0000000000	409.4029151022	-3.9692061946
0.5464415797	0.1380535386	0.0000000000	394.5943782971	-3.9703463965
0.5473902630	0.1380535386	0.0000000000	379.8585372826	-3.9714244129
0.5483389463	0.1380535386	0.0000000000	365.1955990209	-3.9724408053
0.5492876296	0.1380535386	0.0000000000	350.6050535414	-3.9733961400
0.5502363129	0.1380535386	0.0000000000	336.0870229235	-3.9742909898
0.5511849962	0.1380535386	0.0000000000	321.6407494783	-3.9751259306
0.5521336795	0.1380535386	0.0000000000	307.2666294395	-3.9759015456
0.5530823628	0.1380535386	0.0000000000	292.9641803937	-3.9766184214
0.5540310461	0.1380535386	0.0000000000	278.7329946190	-3.9772771481
0.5549797294	0.1380535386	0.0000000000	264.5729776817	-3.9778783201
0.5559284127	0.1380535386	0.0000000000	250.4836400514	-3.9784225341
0.5568770960	0.1380535386	0.0000000000	236.4648434248	-3.9789103905
0.5578257793	0.1380535386	0.0000000000	222.5160917076	-3.9793424913
0.5587744626	0.1380535386	0.0000000000	208.6367708083	-3.9797194392
0.5597231458	0.1380535386	0.0000000000	194.8270210561	-3.9800418407
0.5606718291	0.1380535386	0.0000000000	181.0855377513	-3.9803102994
0.5616205124	0.1380535386	0.0000000000	167.4125890905	-3.9805254224
0.5625691957	0.1380535386	0.0000000000	153.8076139317	-3.9806878163
0.5635178790	0.1380535386	0.0000000000	140.2698871708	-3.9807980862
0.5644665623	0.1380535386	0.0000000000	126.7990592595	-3.9808568372
0.5654152456	0.1380535386	0.0000000000	113.3945119968	-3.9808646726
0.5663639289	0.1380535386	0.0000000000	100.0554146048	-3.9808221931
0.5673126122	0.1380535386	0.0000000000	86.7813479016	-3.9807299976
0.5682612955	0.1380535386	0.0000000000	73.5716731073	-3.9805886824
0.5692099788	0.1380535386	0.0000000000	60.4256902338	-3.9803988409
0.5701586621	0.1380535386	0.0000000000	47.3430535712	-3.9801610638
0.5711073454	0.1380535386	0.0000000000	34.3225943823	-3.9798759366
0.5720560287	0.1380535386	0.0000000000	21.3640361701	-3.9795440422
0.5730047120	0.1380535386	0.0000000000	8.4664090651	-3.9791659583
0.5739533953	0.1380535386	0.0000000000	-4.3709857639	-3.9787422580
0.5749020786	0.1380535386	0.0000000000	-17.1489530487	-3.9782735094
0.5758507619	0.1380535386	0.0000000000	-29.8676380171	-3.9777602772
0.5767994452	0.1380535386	0.0000000000	-42.5292117839	-3.9772031164
0.5777481285	0.1380535386	0.0000000000	-55.1326733174	-3.9766025820
0.5786968118	0.1380535386	0.0000000000	-67.6799949260	-3.9759592194
0.5796454951	0.1380535386	0.0000000000	-80.1713051779	-3.9752735701
0.5805941784	0.1380535386	0.0000000000	-92.6082576946	-3.9745461669
0.5815428617	0.1380535386	0.0000000000	-104.9905839392	-3.9737775395
0.5824915450	0.1380535386	0.0000000000	-117.3189208719	-3.9729682119
0.5834402283	0.1380535386	0.0000000000	-129.5957415268	-3.9721186963
0.5843889116	0.1380535386	0.0000000000	-141.8197947084	-3.9712295046
0.5853375949	0.1380535386	0.0000000000	-153.9935526777	-3.9703011373
0.5862862782	0.1380535386	0.0000000000	-166.1163092177	-3.9693340923
0.5872349615	0.1380535386	0.0000000000	-178.1904837973	-3.9683288562
0.5881836448	0.1380535386	0.0000000000	-190.2157236290	-3.9672859122
0.5891323281	0.1380535386	0.0000000000	-202.1928572855	-3.9662057365
0.5900810114	0.1380535386	0.0000000000	-214.1222542898	-3.9650887997
0.5910296947	0.1380535386	0.0000000000	-226.0067745113	-3.9639355599
0.5919783780	0.1380535386	0.0000000000	-237.8450451250	-3.9627464741
0.5929270613	0.1380535386	0.0000000000	-249.6384828850	-3.9615219910
0.5938757446	0.1380535386	0.0000000000	-261.3873017467	-3.9602625541
0.5948244279	0.1380535386	0.0000000000	-273.0925434747	-3.9589685992
0.5957731112	0.1380535386	0.0000000000	-284.7555781123	-3.9576405539
0.5967217945	0.1380535386	0.0000000000	-296.3762360975	-3.9562788416
0.5976704778	0.1380535386	0.0000000000	-307.9556110735	-3.9548838781
0.5986191611	0.1380535386	0.0000000000	-319.4949211866	-3.9534560718
0.5995678444	0.1380535386	0.0000000000	-330.9939812302	-3.9519958264
0.6005165277	0.1380535386	0.0000000000	-342.4539636467	-3.9505035385
0.6014652110	0.1380535386	0.0000000000	-353.8757684667	-3.9489795977
0.6024138943	0.1380535386	0.0000000000	-365.2587500711	-3.9474243908
0.6033625776	0.1380535386	0.0000000000	-376.6062469486	-3.9458382921
0.6043112609	0.1380535386	0.0000000000	-387.9150426713	-3.9442216789
0.6052599442	0.1380535386	0.0000000000	-399.1884022901	-3.9425749166
0.6062086275	0.1380535386	0.0000000000	-410.4265428150	-3.9408983656
0.6071573108	0.1380535386	0.0000000000	-421.6303605106	-3.9391923802
0.6081059941	0.1380535386	0.0000000000	-432.7996741076	-3.9374573104
0.6090546773	0.1380535386	0.0000000000	-443.9345074173	-3.9356935025
0.6100033606	0.1380535386	0.0000000000	-455.0373264069	-3.9339012926
0.6109520439	0.1380535386	0.0000000000	-466.1081345053	-3.9320810132
0.6119007272	0.1380535386	0.0000000000	-477.1449789298	-3.9302329966
0.6128494105	0.1380535386	0.0000000000	-488.1514761157	-3.9283575637
0.6137980938	0.1380535386	0.0000000000	-499.1292306102	-3.9264550279
0.6147467771	0.1380535386	0.0000000000	-510.0726876148	-3.9245257102
0.6156954604	0.1380535386	0.0000000000	-520.9886895336	-3.9225699139
0.6166441437	0.1380535386	0.0000000000	-531.8737926810	-3.9205879456
0.6175928270	0.1380535386	0.0000000000	-542.7316304895	-3.9185801008
0.6185415103	0.1380535386	0.0000000000	-553.5590469827	-3.9165466774
0.6194901936	0.1380535386	0.0000000000	-564.3601836025	-3.9144879621
0.6204388769	0.1380535386	0.0000000000	-575.1309817521	-3.9124042454
0.6213875602	0.1380535386	0.0000000000	-585.8799952956	-3.9102957985
0.6223362435	0.1380535386	0.0000000000	-596.5973903896	-3.9081629072
0.6232849268	0.1380535386	0.0000000000	-607.2912625388	-3.9060058393
0.6242336101	0.1380535386	0.0000000000	-617.9581452157	-3.9038248654
0.6251822934	0.1380535386	0.0000000000	-628.5986261260	-3.9016202519
0.6261309767	0.1380535386	0.0000000000	-639.2165331670	-3.8993922555
0.6270796600	0.1380535386	0.0000000000	-649.8088004397	-3.8971411346
0.6280283433	0.1380535386	0.0000000000	-660.3751346464	-3.8948671453
0.6289770266	0.1380535386	0.0000000000	-670.9193621446	-3.8925705342
0.6299257099	0.1380535386	0.0000000000	-681.4396038481	-3.8902515481
0.6308743932	0.1380535386	0.0000000000	-691.9355885869	-3.8879104312
0.6318230765	0.1380535386	0.0000000000	-702.4095867212	-3.8855474213
0.6327717598	0.1380535386	0.0000000000	-712.8601140888	-3.8831627556
0.6337204431	0.1380535386	0.0000000000	-723.2901058495	-3.8807566639
0.6346691264	0.1380535386	0.0000000000	-733.6953721018	-3.8783293797
0.6356178097	0.1380535386	0.0000000000	-744.0803763467	-3.8758811275
0.6365664930	0.1380535386	0.0000000000	-754.4435358346	-3.8734121309
0.6375151763	0.1380535386	0.0000000000	-764.7851525973	-3.8709226109
0.6384638596	0.1380535386	0.0000000000	-775.1087411119	-3.8684127808
0.6394125429	0.1380535386	0.0000000000	-785.4087172630	-3.8658828589
0.6403612262	0.1380535386	0.0000000000	-795.7010245232	-3.8633330396
0.6413099095	0.1380535386	0.0000000000	-805.9609122258	-3.8607635469
0.6422585928	0.1380535386	0.0000000000	-816.2011751017	-3.8581745874
0.6432072761	0.1380535386	0.0000000000	-826.4246748157	-3.8555663612
0.6441559594	0.1380535386	0.0000000000	-836.6257115468	-3.8529390733
0.6451046427	0.1380535386	0.0000000000	-846.8111296237	-3.8502929179
0.6460533260	0.1380535386	0.0000000000	-856.9776401274	-3.8476280907
0.6470020093	0.1380535386	0.0000000000	-867.1268051112	-3.8449447834
0.6479506926	0.1380535386	0.0000000000	-877.2574834952	-3.8422431868
0.6488993759	0.1380535386	0.0000000000	-887.3674648781	-3.8395234925
0.6498480592	0.1380535386	0.0000000000	-897.4584225918	-3.8367858883
0.6507967425	0.1380535386	0.0000000000	-907.5355126942	-3.8340305541
0.6517454258	0.1380535386	0.0000000000	-917.5943864112	-3.8312576723
0.6526941091	0.1380535386	0.0000000000	-927.6354244031	-3.8284674230
0.6536427924	0.1380535386	0.0000000000	-937.6553662718	-3.8256599881
0.6545914757	0.1380535386	0.0000000000	-947.6605608307	-3.8228355412
0.6555401590	0.1380535386	0.0000000000	-957.6553259213	-3.8199942494
0.6564888423	0.1380535386	0.0000000000	-967.6295278280	-3.8171362870
0.6574375255	0.1380535386	0.0000000000	-977.5940824282	-3.8142618170
0.6583862088	0.1380535386	0.0000000000	-987.5367564482	-3.8113710111
0.6593348921	0.1380535386	0.0000000000	-997.4645101137	-3.8084640341
0.6602835754	0.1380535386	0.0000000000	-1007.3706820184	-3.8055410549
0.6612322587	0.1380535386	0.0000000000	-1017.2657683109	-3.8026022320
0.6621809420	0.1380535386	0.0000000000	-1027.1442939366	-3.7996477266
0.6631296253	0.1380535386	0.0000000000	-1037.0142797257	-3.7966776910
0.6640783086	0.1380535386	0.0000000000	-1046.8614930224	-3.7936922875
0.6650269919	0.1380535386	0.0000000000	-1056.6996504710	-3.7906916664
0.6659756752	0.1380535386	0.0000000000	-1066.5287496321	-3.7876759755
0.6669243585	0.1380535386	0.0000000000	-1076.3410679197	-3.7846453662
0.6678730418	0.1380535386	0.0000000000	-1086.1313228960	-3.7815999941
0.6688217251	0.1380535386	0.0000000000	3160.9585584937	-3.7943648971
0.6697704084	0.1380535386	0.0000000000	3230.7902004746	-3.8076155198
0.6707190917	0.1380535386	0.0000000000	3267.8916996053	-3.8211134348
0.6716677750	0.1380535386	0.0000000000	3285.7324627741	-3.8347279513
0.6726164583	0.1380535386	0.0000000000	3292.8859277093	-3.8483919638
0.6735651416	0.1380535386	0.0000000000	3294.1276565819	-3.8620708307
0.6745138249	0.1380535386	0.0000000000	3292.0272860567	-3.8757460075
0.6754625082	0.1380535386	0.0000000000	3287.9844567574	-3.8894071368
0.6764111915	0.1380535386	0.0000000000	3282.7790338675	-3.9030481895
0.6773598748	0.1380535386	0.0000000000	3276.8682514458	-3.9166655739
0.6783085581	0.1380535386	0.0000000000	3270.5242245877	-3.9302571100
0.6792572414	0.1380535386	0.0000000000	3263.9119664704	-3.9438214576
0.6802059247	0.1380535386	0.0000000000	3257.1329260438	-3.9573577867
0.6811546080	0.1380535386	0.0000000000	3250.2500619707	-3.9708655813
0.6821032913	0.1380535386	0.0000000000	3243.3026891952	-3.9843445207
0.6830519746	0.1380535386	0.0000000000	3236.3154559624	-3.9977944063
0.6840006579	0.1380535386	0.0000000000	3229.3038531944	-4.0112151159
0.6849493412	0.1380535386	0.0000000000	3222.2776298670	-4.0246065756
0.6858980245	0.1380535386	0.0000000000	3215.2429246371	-4.0379687417
0.6868467078	0.1380535386	0.0000000000	3208.2036018908	-4.0513015896
0.6877953911	0.1380535386	0.0000000000	3201.1620917325	-4.0646051069
0.6887440744	0.1380535386	0.0000000000	3194.1199189837	-4.0778792885
0.6896927577	0.1380535386	0.0000000000	3187.0780367067	-4.0911241342
0.6906414410	0.1380535386	0.0000000000	3180.0370367261	-4.1043396466
0.6915901243	0.1380535386	0.0000000000	3172.9972826127	-4.1175258303
0.6925388076	0.1380535386	0.0000000000	3165.9589935821	-4.1306826908
0.6934874909	0.1380535386	0.0000000000	3158.9222976015	-4.1438102345
0.6944361742	0.1380535386	0.0000000000	3151.8872649958	-4.1569084678
0.6953848575	0.1380535386	0.0000000000	3144.8539295720	-4.1699773978
0.6963335408	0.1380535386	0.0000000000	3137.8223021180	-4.1830170311
0.6972822241	0.1380535386	0.0000000000	3130.7923788352	-4.1960273749
0.6982309074	0.1380535386	0.0000000000	3123.7641468509	-4.2090084358
0.6991795907	0.1380535386	0.0000000000	3116.7375874180	-4.2219602207
0.7001282740	0.1380535386	0.0000000000	3109.7126781497	-4.2348827362
0.7010769573	0.1380535386	0.0000000000	3102.6893945316	-4.2477759890
0.7020256406	0.1380535386	0.0000000000	3095.6677106023	-4.2606399856
0.7029743239	0.1380535386	0.0000000000	3088.6475995545	-4.2734747322
0.7039230072	0.1380535386	0.0000000000	3081.6290341311	-4.2862802352
0.7048716905	0.1380535386	0.0000000000	3074.6119866985	-4.2990565007
0.7058203737	0.1380535386	0.0000000000	3067.5964296489	-4.3118035347
0.7067690570	0.1380535386	0.0000000000	3060.5823352271	-4.3245213431
0.7077177403	0.1380535386	0.0000000000	3053.5696756579	-4.3372099317
0.7086664236	0.1380535386	0.0000000000	3046.5584233023	-4.3498693062
0.7096151069	0.1380535386	0.0000000000	3039.5485505557	-4.3624994720
0.7105637902	0.1380535386	0.0000000000	3032.5400296603	-4.3751004347
0.7115124735	0.1380535386	0.0000000000	3025.5328332588	-4.3876721994
0.7124611568	0.1380535386	0.0000000000	3018.5269338388	-4.4002147715
0.7134098401	0.1380535386	0.0000000000	3011.5223040312	-4.4127281560
0.7143585234	0.1380535386	0.0000000000	3004.5189166189	-4.4252123578
0.7153072067	0.1380535386	0.0000000000	2997.5167441540	-4.4376673818
0.7162558900	0.1380535386	0.0000000000	2990.5157596335	-4.4500932328
0.7172045733	0.1380535386	0.0000000000	2983.5159358537	-4.4624899152
0.7181532566	0.1380535386	0.0000000000	2976.5172458303	-4.4748574337
0.7191019399	0.1380535386	0.0000000000	2969.5196625372	-4.4871957925
0.7200506232	0.1380535386	0.0000000000	2962.5231589223	-4.4995049960
0.7209993065	0.1380535386	0.0000000000	2955.5277080757	-4.5117850482
0.7219479898	0.1380535386	0.0000000000	2948.5332833273	-4.5240359533
0.7228966731	0.1380535386	0.0000000000	2941.5398576749	-4.5362577151
0.7238453564	0.1380535386	0.0000000000	2934.5474043779	-4.5484503374
0.7247940397	0.1380535386	0.0000000000	2927.5558966441	-4.5606138239
0.7257427230	0.1380535386	0.0000000000	2920.5653079426	-4.5727481782
0.7266914063	0.1380535386	0.0000000000	2913.5756113369	-4.5848534037
0.7276400896	0.1380535386	0.0000000000	2906.5867804446	-4.5969295038
0.7285887729	0.1380535386	0.0000000000	2899.5987884709	-4.6089764816
0.7295374562	0.1380535386	0.0000000000	2892.6116090843	-4.6209943403
0.7304861395	0.1380535386	0.0000000000	2885.6252155922	-4.6329830829
0.7314348228	0.1380535386	0.0000000000	2878.6395815918	-4.6449427123
0.7323835061	0.1380535386	0.0000000000	2871.6546803176	-4.6568732311
0.7333321894	0.1380535386	0.0000000000	2864.6704857145	-4.6687746421
0.7342808727	0.1380535386	0.0000000000	2857.6869714194	-4.6806469479
0.7352295560	0.1380535386	0.0000000000	2850.7041102880	-4.6924901507
0.7361782393	0.1380535386	0.0000000000	2843.7218769028	-4.7043042529
0.7371269226	0.1380535386	0.0000000000	2836.7402445215	-4.7160892568
0.7380756059	0.1380535386	0.0000000000	2829.7591871199	-4.7278451643
0.7390242892	0.1380535386	0.0000000000	2822.7786781633	-4.7395719775
0.7399729725	0.1380535386	0.0000000000	2815.7986913141	-4.7512696981
0.7409216558	0.1380535386	0.0000000000	2808.8192007577	-4.7629383280
0.7418703391	0.1380535386	0.0000000000	2801.8401800326	-4.7745778688
0.7428190224	0.1380535386	0.0000000000	2794.8616034288	-4.7861883219
0.7437677057	0.1380535386	0.0000000000	2787.8834444094	-4.7977696887
0.7447163890	0.1380535386	0.0000000000	2780.9056773710	-4.8093219706
0.7456650723	0.1380535386	0.0000000000	2773.9282760320	-4.8208451687
0.7466137556	0.1380535386	0.0000000000	2766.9512145776	-4.8323392840
0.7475624389	0.1380535386	0.0000000000	2759.9744664628	-4.8438043175
0.7485111222	0.1380535386	0.0000000000	2752.9980063146	-4.8552402700
0.7494598055	0.1380535386	0.0000000000	2746.0218086874	-4.8666471422
0.7504084888	0.1380535386	0.0000000000	2739.0458468163	-4.8780249347
0.7513571721	0.1380535386	0.0000000000	2732.0700956203	-4.8893736481
0.7523058554	0.1380535386	0.0000000000	2725.0945292776	-4.9006932826
0.7532545387	0.1380535386	0.0000000000	2718.1191220570	-4.9119838386
0.7542032220	0.1380535386	0.0000000000	2711.1438484223	-4.9232453161
0.7551519052	0.1380535386	0.0000000000	2704.1686824250	-4.9344777153
0.7561005885	0.1380535386	0.0000000000	2697.1935989713	-4.9456810360
0.7570492718	0.1380535386	0.0000000000	2690.2185721544	-4.9568552781
0.7579979551	0.1380535386	0.0000000000	2683.2435767398	-4.9680004413
0.7589466384	0.1380535386	0.0000000000	2676.2685873594	-4.9791165251
0.7598953217	0.1380535386	0.0000000000	2669.2935791993	-4.9902035290
0.7608440050	0.1380535386	0.0000000000	2662.3185272884	-5.0012614524
0.7617926883	0.1380535386	0.0000000000	2655.3434053172	-5.0122902945
0.7627413716	0.1380535386	0.0000000000	2648.3681880541	-5.0232900546
0.7636900549	0.1380535386	0.0000000000	2641.3928519680	-5.0342607315
0.7646387382	0.1380535386	0.0000000000	2634.4173688524	-5.0452023243
0.7655874215	0.1380535386	0.0000000000	2627.4417169753	-5.0561148317
0.7665361048	0.1380535386	0.0000000000	2620.4658714782	-5.0669982525
0.7674847881	0.1380535386	0.0000000000	2613.4898054508	-5.0778525852
0.7684334714	0.1380535386	0.0000000000	2606.5134956980	-5.0886778283
0.7693821547	0.1380535386	0.0000000000	2599.5369172118	-5.0994739802
0.7703308380	0.1380535386	0.0000000000	2592.5600439057	-5.1102410391
0.7712795213	0.1380535386	0.0000000000	2585.5828545287	-5.1209790032
0.7722282046	0.1380535386	0.0000000000	2578.6053242994	-5.1316878706
0.7731768879	0.1380535386	0.0000000000	2571.6274222813	-5.1423676391
0.7741255712	0.1380535386	0.0000000000	2564.6491319564	-5.1530183066
0.7750742545	0.1380535386	0.0000000000	2557.6704270625	-5.1636398708
0.7760229378	0.1380535386	0.0000000000	2550.6912796369	-5.1742323293
0.7769716211	0.1380535386	0.0000000000	2543.7116762644	-5.1847956796
0.7779203044	0.1380535386	0.0000000000	2536.7315770667	-5.1953299192
0.7788689877	0.1380535386	0.0000000000	2529.7509704549	-5.2058350452
0.7798176710	0.1380535386	0.0000000000	2522.7698283277	-5.2163110549
0.7807663543	0.1380535386	0.0000000000	2515.7881246391	-5.2267579453
0.7817150376	0.1380535386	0.0000000000	2508.8058423218	-5.2371757134
0.7826637209	0.1380535386	0.0000000000	2501.8229505106	-5.2475643560
0.7836124042	0.1380535386	0.0000000000	2494.8394368349	-5.2579238700
0.7845610875	0.1380535386	0.0000000000	2487.8552645366	-5.2682542519
0.7855097708	0.1380535386	0.0000000000	2480.8704196889	-5.2785554983
0.7864584541	0.1380535386	0.0000000000	2473.8848667677	-5.2888276057
0.7874071374	0.1380535386	0.0000000000	2466.8986004345	-5.2990705702
0.7883558207	0.1380535386	0.0000000000	2459.9115819383	-5.3092843883
0.7893045040	0.1380535386	0.0000000000	2452.9238060351	-5.3194690560
0.7902531873	0.1380535386	0.0000000000	2445.9352292039	-5.3296245693
0.7912018706	0.1380535386	0.0000000000	2438.9458479884	-5.3397509241
0.7921505539	0.1380535386	0.0000000000	2431.9556242557	-5.3498481163
0.7930992372	0.1380535386	0.0000000000	2424.9645482140	-5.3599161415
0.7940479205	0.1380535386	0.0000000000	2417.9725783679	-5.3699549953
0.7949966038	0.1380535386	0.0000000000	2410.9797102003	-5.3799646733
0.7959452871	0.1380535386	0.0000000000	2403.9859306790	-5.3899451709
0.7968939704	0.1380535386	0.0000000000	2396.9911929333	-5.3998964834
0.7978426537	0.1380535386	0.0000000000	2389.9954868096	-5.4098186059
0.7987913370	0.1380535386	0.0000000000	2382.9987827601	-5.4197115335
0.7997400203	0.1380535386	0.0000000000	2376.0010739900	-5.4295752612
0.8006887036	0.1380535386	0.0000000000	2369.0023256610	-5.4394097840
0.8016373869	0.1380535386	0.0000000000	2362.0025328974	-5.4492150966
0.8025860702	0.1380535386	0.0000000000	2355.0016545566	-5.4589911937
0.8035347534	0.1380535386	0.0000000000	2347.9996776652	-5.4687380699
0.8044834367	0.1380535386	0.0000000000	2340.9965763349	-5.4784557198
0.8054321200	0.1380535386	0.0000000000	2333.9923595165	-5.4881441377
0.8063808033	0.1380535386	0.0000000000	2326.9869432761	-5.4978033178
0.8073294866	0.1380535386	0.0000000000	2319.9803456618	-5.5074332544
0.8082781699	0.1380535386	0.0000000000	2312.9725659288	-5.5170339415
0.8092268532	0.1380535386	0.0000000000	2305.9635739083	-5.5266053734
0.8101755365	0.1380535386	0.0000000000	2298.9533131457	-5.5361475437
0.8111242198	0.1380535386	0.0000000000	2291.9417757156	-5.5456604463
0.8120729031	0.1380535386	0.0000000000	2284.9289848547	-5.5551440749
0.8130215864	0.1380535386	0.0000000000	2277.9149149771	-5.5645984234
0.8139702697	0.1380535386	0.0000000000	2270.8994566454	-5.5740234849
0.8149189530	0.1380535386	0.0000000000	2263.8827172547	-5.5834192532
0.8158676363	0.1380535386	0.0000000000	2256.8645297117	-5.5927857212
0.8168163196	0.1380535386	0.0000000000	2249.8450007484	-5.6021228824
0.8177650029	0.1380535386	0.0000000000	2242.8241551255	-5.6114307303
0.8187136862	0.1380535386	0.0000000000	2235.8017664026	-5.6207092574
0.8196623695	0.1380535386	0.0000000000	2228.7779747169	-5.6299584568
0.8206110528	0.1380535386	0.0000000000	2221.7526920682	-5.6391783213
0.8215597361	0.1380535386	0.0000000000	2214.7260881441	-5.6483688443
0.8225084194	0.1380535386	0.0000000000	2207.6977445635	-5.6575300175
0.8234571027	0.1380535386	0.0000000000	2200.6680152686	-5.6666618340
0.8244057860	0.1380535386	0.0000000000	2193.6369135444	-5.6757642870
0.8253544693	0.1380535386	0.0000000000	2186.6040870211	-5.6848373682
0.8263031526	0.1380535386	0.0000000000	2179.5696011826	-5.6938810696
0.8272518359	0.1380535386	0.0000000000	2172.5335322538	-5.7028953834
0.8282005192	0.1380535386	0.0000000000	2165.4958998856	-5.7118803020
0.8291492025	0.1380535386	0.0000000000	2158.4568664597	-5.7208358182
0.8300978858	0.1380535386	0.0000000000	2151.4158510144	-5.7297619228
0.8310465691	0.1380535386	0.0000000000	2144.3733424009	-5.7386586082
0.8319952524	0.1380535386	0.0000000000	2137.3292100726	-5.7475258664
0.8329439357	0.1380535386	0.0000000000	2130.2832412598	-5.7563636887
0.8338926190	0.1380535386	0.0000000000	2123.2354908227	-5.7651720662
0.8348413023	0.1380535386	0.0000000000	2116.1864012133	-5.7739509922
0.8357899856	0.1380535386	0.0000000000	2109.1352390737	-5.7827004567
0.8367386689	0.1380535386	0.0000000000	2102.0826747399	-5.7914204526
0.8376873522	0.1380535386	0.0000000000	2095.0278021198	-5.8001109689
0.8386360355	0.1380535386	0.0000000000	2087.9713768125	-5.8087719978
0.8395847188	0.1380535386	0.0000000000	2080.9131757920	-5.8174035306
0.8405334021	0.1380535386	0.0000000000	2073.8531127223	-5.8260055581
0.8414820854	0.1380535386	0.0000000000	2066.7909355679	-5.8345780702
0.8424307687	0.1380535386	0.0000000000	2059.7271863207	-5.8431210588
0.8433794520	0.1380535386	0.0000000000	2052.6615433266	-5.8516345146
0.8443281353	0.1380535386	0.0000000000	2045.5938646232	-5.8601184278
0.8452768186	0.1380535386	0.0000000000	2038.5242577995	-5.8685727887
0.8462255019	0.1380535386	0.0000000000	2031.4531829216	-5.8769975899
0.8471741852	0.1380535386	0.0000000000	2024.3790318790	-5.8853928168
0.8481228685	0.1380535386	0.0000000000	2017.3033127651	-5.8937584615
0.8490715518	0.1380535386	0.0000000000	2010.2258822155	-5.9020945153
0.8500202351	0.1380535386	0.0000000000	2003.1466738976	-5.9104009692
0.8509689184	0.1380535386	0.0000000000	1996.0664414638	-5.9186778173
0.8519176016	0.1380535386	0.0000000000	1988.9819455881	-5.9269250402
0.8528662849	0.1380535386	0.0000000000	1981.8973072704	-5.9351426357
0.8538149682	0.1380535386	0.0000000000	1974.8089156824	-5.9433305864
0.8547636515	0.1380535386	0.0000000000	1967.7183066583	-5.9514888814
0.8557123348	0.1380535386	0.0000000000	1960.6263983887	-5.9596175135
0.8566610181	0.1380535386	0.0000000000	1953.5330863320	-5.9677164752
0.8576097014	0.1380535386	0.0000000000	1946.4380393786	-5.9757857574
0.8585583847	0.1380535386	0.0000000000	1939.3430184248	-5.9838253585
0.8595070680	0.1380535386	0.0000000000	1932.2429201347	-5.9918352555
0.8604557513	0.1380535386	0.0000000000	1925.1401533318	-5.9998154352
0.8614044346	0.1380535386	0.0000000000	1918.0343773410	-6.0077658833
0.8623531179	0.1380535386	0.0000000000	1910.9268170421	-6.0156865904
0.8633018012	0.1380535386	0.0000000000	1903.8179709366	-6.0235775492
0.8642504845	0.1380535386	0.0000000000	1896.7070280519	-6.0314387491
0.8651991678	0.1380535386	0.0000000000	1889.5939634184	-6.0392701790
0.8661478511	0.1380535386	0.0000000000	1882.4754325316	-6.0470718142
0.8670965344	0.1380535386	0.0000000000	1875.3582951624	-6.0548436584
0.8680452177	0.1380535386	0.0000000000	1868.2380321031	-6.0625856965
0.8689939010	0.1380535386	0.0000000000	1861.1143395435	-6.0702979120
0.8699425843	0.1380535386	0.0000000000	1853.9909550870	-6.0779803041
0.8708912676	0.1380535386	0.0000000000	1846.8631854963	-6.0856328522
0.8718399509	0.1380535386	0.0000000000	1839.7309897576	-6.0932555356
0.8727886342	0.1380535386	0.0000000000	1832.5989300675	-6.1008483526
0.8737373175	0.1380535386	0.0000000000	1825.4589944753	-6.1084112679
0.8746860008	0.1380535386	0.0000000000	1818.3254077984	-6.1159443059
0.8756346841	0.1380535386	0.0000000000	1811.1866774530	-6.1234474427
0.8765833674	0.1380535386	0.0000000000	1804.0425897805	-6.1309206534
0.8775320507	0.1380535386	0.0000000000	1796.8976238522	-6.1383639319
0.8784807340	0.1380535386	0.0000000000	1789.7478653890	-6.1457772556
0.8794294173	0.1380535386	0.0000000000	1782.6020809891	-6.1531606389
0.8803781006	0.1380535386	0.0000000000	1775.4459476442	-6.1605140357
0.8813267839	0.1380535386	0.0000000000	1768.2962133556	-6.1678374703
0.8822754672	0.1380535386	0.0000000000	1761.1371220580	-6.1751309009
0.8832241505	0.1380535386	0.0000000000	1753.9730655076	-6.1823943039
0.8841728338	0.1380535386	0.0000000000	1746.8062385460	-6.1896276650
0.8851215171	0.1380535386	0.0000000000	1739.6428837374	-6.1968309963
0.8860702004	0.1380535386	0.0000000000	1732.4729039344	-6.2040042671
0.8870188837	0.1380535386	0.0000000000	1725.2959472065	-6.2111474451
0.8879675670	0.1380535386	0.0000000000	1718.1279812642	-6.2182605655
0.8889162503	0.1380535386	0.0000000000	1710.9502680423	-6.2253435843
0.8898649336	0.1380535386	0.0000000000	1703.7662988227	-6.2323964723
0.8908136169	0.1380535386	0.0000000000	1696.5843770614	-6.2394192353
0.8917623002	0.1380535386	0.0000000000	1689.3923308807	-6.2464118274
0.8927109835	0.1380535386	0.0000000000	1682.2029841273	-6.2533742571
0.8936596668	0.1380535386	0.0000000000	1675.0254641626	-6.2603065710
0.8946083501	0.1380535386	0.0000000000	1667.8401077636	-6.2672087330
0.8955570334	0.1380535386	0.0000000000	1660.6616446364	-6.2740807689
0.8965057167	0.1380535386	0.0000000000	1653.4468409924	-6.2809225221
0.8974544000	0.1380535386	0.0000000000	1646.2779959405	-6.2877341832
0.8984030833	0.1380535386	0.0000000000	1639.0749451429	-6.2945156043
0.8993517666	0.1380535386	0.0000000000	1631.8576308791	-6.3012667222
0.9003004498	0.1380535386	0.0000000000	1624.6923397800	-6.3079877528
0.9012491331	0.1380535386	0.0000000000	1617.5088763984	-6.3146786158
0.9021978164	0.1380535386	0.0000000000	1610.2828226667	-6.3213391278
0.9031464997	0.1380535386	0.0000000000	1603.0382499155	-6.3279692074
0.9040951830	0.1380535386	0.0000000000	1595.8522343496	-6.3345690980
0.9050438663	0.1380535386	0.0000000000	1588.6226183991	-6.3411386124
0.9059925496	0.1380535386	0.0000000000	1581.3875645977	-6.3476777238
0.9069412329	0.1380535386	0.0000000000	1574.0779531264	-6.3541861135
0.9078899162	0.1380535386	0.0000000000	1566.9601316370	-6.3606645872
0.9088385995	0.1380535386	0.0000000000	1559.6400180424	-6.3671122865
0.9097872828	0.1380535386	0.0000000000	1552.3821935053	-6.3735294709
0.9107359661	0.1380535386	0.0000000000	1545.2275132843	-6.3799165714
0.9116846494	0.1380535386	0.0000000000	1537.9468266848	-6.3862730516
0.9126333327	0.1380535386	0.0000000000	1530.7189184449	-6.3925991308
0.9135820160	0.1380535386	0.0000000000	1523.5146183673	-6.3988949041
0.9145306993	0.1380535386	0.0000000000	1516.1396572077	-6.4051596461
0.9154793826	0.1380535386	0.0000000000	1508.9502483014	-6.4113941370
0.9164280659	0.1380535386	0.0000000000	1501.7145810663	-6.4175981757
0.9173767492	0.1380535386	0.0000000000	1494.4006534640	-6.4237714272
0.9183254325	0.1380535386	0.0000000000	5766.1163121405	-6.4477437527
0.9192741158	0.1380535386	0.0000000000	5768.9467077719	-6.4717254600
0.9202227991	0.1380535386	0.0000000000	5770.0771951006	-6.4957108340
0.9211714824	0.1380535386	0.0000000000	5770.5295999220	-6.5196976624
0.9221201657	0.1380535386	0.0000000000	5770.7107933001	-6.5436850711
0.9230688490	0.1380535386	0.0000000000	5770.7833874602	-6.5676727119
0.9240175323	0.1380535386	0.0000000000	5770.8124758230	-6.5916604458
0.9249662156	0.1380535386	0.0000000000	5770.8241321111	-6.6156482169
0.9259148989	0.1380535386	0.0000000000	5770.8288031195	-6.6396360029
0.9268635822	0.1380535386	0.0000000000	5770.8306749426	-6.6636237949
0.9278122655	0.1380535386	0.0000000000	5770.8314250449	-6.6876115892
0.9287609488	0.1380535386	0.0000000000	5770.8317256364	-6.7115993846
0.9297096321	0.1380535386	0.0000000000	5770.8318460937	-6.7355871803
0.9306583154	0.1380535386	0.0000000000	5770.8318943651	-6.7595749762
0.9316069987	0.1380535386	0.0000000000	5770.8319137091	-6.7835627721
0.9325556820	0.1380535386	0.0000000000	5770.8319214609	-6.8075505681
0.9335043653	0.1380535386	0.0000000000	5770.8319245673	-6.8315383641
0.9344530486	0.1380535386	0.0000000000	5770.8319258122	-6.8555261601
0.9354017319	0.1380535386	0.0000000000	5770.8319263110	-6.8795139561
0.9363504152	0.1380535386	0.0000000000	5770.8319265109	-6.9035017521
0.9372990985	0.1380535386	0.0000000000	5770.8319265911	-6.9274895481
0.9382477818	0.1380535386	0.0000000000	5770.8319266232	-6.9514773440
0.9391964651	0.1380535386	0.0000000000	5770.8319266360	-6.9754651400
0.9401451484	0.1380535386	0.0000000000	5770.8319266412	-6.9994529360
0.9410938317	0.1380535386	0.0000000000	5770.8319266432	-7.0234407320
0.9420425150	0.1380535386	0.0000000000	5770.8319266441	-7.0474285280
0.9429911983	0.1380535386	0.0000000000	5770.8319266444	-7.0714163240
0.9439398816	0.1380535386	0.0000000000	5770.8319266445	-7.0954041200
0.9448885649	0.1380535386	0.0000000000	5770.8319266446	-7.1193919160
0.9458372482	0.1380535386	0.0000000000	5770.8319266446	-7.1433797120
0.9467859315	0.1380535386	0.0000000000	5770.8319266446	-7.1673675079
0.9477346148	0.1380535386	0.0000000000	5770.8319266446	-7.1913553039
0.9486832981	0.1380535386	0.0000000000	5770.8319266446	-7.2153430999
0.9496319813	0.1380535386	0.0000000000	5770.8319266446	-7.2393308959
0.9505806646	0.1380535386	0.0000000000	5770.8319266446	-7.2633186919
0.9515293479	0.1380535386	0.0000000000	5770.8319266446	-7.2873064879
0.9524780312	0.1380535386	0.0000000000	5770.8319266446	-7.3112942839
0.9534267145	0.1380535386	0.0000000000	5770.8319266446	-7.3352820799
0.9543753978	0.1380535386	0.0000000000	5770.8319266446	-7.3592698759
0.9553240811	0.1380535386	0.0000000000	5770.8319266446	-7.3832576718
0.9562727644	0.1380535386	0.0000000000	5770.8319266446	-7.4072454678
0.9572214477	0.1380535386	0.0000000000	5770.8319266446	-7.4312332638
0.9581701310	0.1380535386	0.0000000000	5770.8319266446	-7.4552210598
0.9591188143	0.1380535386	0.0000000000	5770.8319266446	-7.4792088558
0.9600674976	0.1380535386	0.0000000000	5770.8319266446	-7.5031966518
0.9610161809	0.1380535386	0.0000000000	5770.8319266446	-7.5271844478
0.9619648642	0.1380535386	0.0000000000	5770.8319266446	-7.5511722438
0.9629135475	0.1380535386	0.0000000000	5770.8319266446	-7.5751600398
0.9638622308	0.1380535386	0.0000000000	5770.8319266446	-7.5991478357
0.9648109141	0.1380535386	0.0000000000	5770.8319266446	-7.6231356317
0.9657595974	0.1380535386	0.0000000000	5770.8319266446	-7.6471234277
0.9667082807	0.1380535386	0.0000000000	5770.8319266446	-7.6711112237
0.9676569640	0.1380535386	0.0000000000	5770.8319266446	-7.6950990197
0.9686056473	0.1380535386	0.0000000000	5770.8319266446	-7.7190868157
0.9695543306	0.1380535386	0.0000000000	5770.8319266446	-7.7430746117
0.9705030139	0.1380535386	0.0000000000	5770.8319266446	-7.7670624077
0.9714516972	0.1380535386	0.0000000000	5770.8319266446	-7.7910502037
0.9724003805	0.1380535386	0.0000000000	5770.8319266446	-7.8150379996
0.9733490638	0.1380535386	0.0000000000	5770.8319266446	-7.8390257956
0.9742977471	0.1380535386	0.0000000000	5770.8319266446	-7.8630135916
0.9752464304	0.1380535386	0.0000000000	5770.8319266446	-7.8870013876
0.9761951137	0.1380535386	0.0000000000	5770.8319266446	-7.9109891836
0.9771437970	0.1380535386	0.0000000000	5770.8319266446	-7.9349769796
0.9780924803	0.1380535386	0.0000000000	5770.8319266446	-7.9589647756
0.9790411636	0.1380535386	0.0000000000	5770.8319266446	-7.9829525716
0.9799898469	0.1380535386	0.0000000000	5770.8319266446	-8.0069403676
0.9809385302	0.1380535386	0.0000000000	5770.8319266446	-8.0309281635
0.9818872135	0.1380535386	0.0000000000	5770.8319266446	-8.0549159595
0.9828358968	0.1380535386	0.0000000000	5770.8319266446	-8.0789037555
0.9837845801	0.1380535386	0.0000000000	5770.8319266446	-8.1028915515
0.9847332634	0.1380535386	0.0000000000	5770.8319266446	-8.1268793475
0.9856819467	0.1380535386	0.0000000000	5770.8319266446	-8.1508671435
0.9866306300	0.1380535386	0.0000000000	5770.8319266446	-8.1748549395
0.9875793133	0.1380535386	0.0000000000	5770.8319266446	-8.1988427355
0.9885279966	0.1380535386	0.0000000000	5770.8319266446	-8.2228305315
0.9894766799	0.1380535386	0.0000000000	5770.8319266446	-8.2468183274
0.9904253632	0.1380535386	0.0000000000	5770.8319266446	-8.2708061234
0.9913740465	0.1380535386	0.0000000000	5770.8319266446	-8.2947939194
0.9923227298	0.1380535386	0.0000000000	5770.8319266446	-8.3187817154
0.9932714131	0.1380535386	0.0000000000	5770.8319266446	-8.3427695114
0.9942200964	0.1380535386	0.0000000000	5770.8319266446	-8.3667573074
0.9951687797	0.1380535386	0.0000000000	5770.8319266446	-8.3907451034
0.9961174630	0.1380535386	0.0000000000	5770.8319266446	-8.4147328994
0.9970661463	0.1380535386	0.0000000000	5770.8319266446	-8.4387206954
0.9980148295	0.1380535386	0.0000000000	5770.8319266446	-8.4627084913
0.9989635128	0.1380535386	0.0000000000	5770.8319266446	-8.4866962873
0.9999121961	0.1380535386	0.0000000000	5770.8319266446	-8.5106840833
