# Step  Time  x_cpp  x_py  x_diff  v_cpp  v_py  v_diff
    0  0.000 0.50000000 0.50000000 0.00e+00 0.10000000 0.10000000 0.00e+00
    1  0.010 0.50050000 0.50050000 0.00e+00 0.10000000 0.10000000 0.00e+00
    2  0.020 0.50099700 0.50099655 4.48e-07 0.09960500 0.09960522 2.16e-07
    3  0.030 0.50148800 0.50148769 3.09e-07 0.09881700 0.09881721 2.06e-07
    4  0.040 0.50197100 0.50197147 4.66e-07 0.09763900 0.09763908 8.15e-08
    5  0.050 0.50244600 0.50244595 4.99e-08 0.09607500 0.09607549 4.93e-07
    6  0.060 0.50290900 0.50290925 2.49e-07 0.09413300 0.09413261 3.86e-07
    7  0.070 0.50336000 0.50335951 4.95e-07 0.09181800 0.09181811 1.15e-07
    8  0.080 0.50379500 0.50379491 8.93e-08 0.08914100 0.08914113 1.32e-07
    9  0.090 0.50421400 0.50421371 2.90e-07 0.08611200 0.08611223 2.34e-07
   10  0.100 0.50461400 0.50461421 2.11e-07 0.08274300 0.08274338 3.78e-07
   11  0.110 0.50499500 0.50499479 2.09e-07 0.07904800 0.07904786 1.35e-07
   12  0.120 0.50535400 0.50535390 9.71e-08 0.07504000 0.07504028 2.83e-07
   13  0.130 0.50569000 0.50569008 8.36e-08 0.07073600 0.07073645 4.54e-07
   14  0.140 0.50600200 0.50600196 4.01e-08 0.06615300 0.06615337 3.69e-07
   15  0.150 0.50628800 0.50628825 2.55e-07 0.06130900 0.06130912 1.20e-07
   16  0.160 0.50654800 0.50654779 2.07e-07 0.05622300 0.05622283 1.67e-07
   17  0.170 0.50678000 0.50677951 4.94e-07 0.05091500 0.05091459 4.13e-07
   18  0.180 0.50698200 0.50698244 4.38e-07 0.04540500 0.04540534 3.39e-07
   19  0.190 0.50715600 0.50715575 2.50e-07 0.03971700 0.03971684 1.63e-07
   20  0.200 0.50729900 0.50729872 2.77e-07 0.03387200 0.03387154 4.61e-07
   21  0.210 0.50741100 0.50741076 2.37e-07 0.02789300 0.02789252 4.78e-07
   22  0.220 0.50749100 0.50749140 4.01e-07 0.02180300 0.02180339 3.90e-07
   23  0.230 0.50754000 0.50754030 3.00e-07 0.01562800 0.01562818 1.82e-07
   24  0.240 0.50755700 0.50755725 2.50e-07 0.00939100 0.00939128 2.75e-07
   25  0.250 0.50754200 0.50754218 1.76e-07 0.00311700 0.00311729 2.94e-07
   26  0.260 0.50749500 0.50749513 1.35e-07 -0.00316900 -0.00316899 5.94e-09
   27  0.270 0.50741600 0.50741631 3.15e-07 -0.00944300 -0.00944277 2.29e-07
   28  0.280 0.50730600 0.50730604 3.55e-08 -0.01567900 -0.01567927 2.70e-07
   29  0.290 0.50716500 0.50716475 2.52e-07 -0.02185400 -0.02185387 1.30e-07
   30  0.300 0.50699300 0.50699303 2.93e-08 -0.02794200 -0.02794219 1.94e-07
   31  0.310 0.50679200 0.50679158 4.16e-07 -0.03392000 -0.03392021 2.06e-07
   32  0.320 0.50656100 0.50656124 2.38e-07 -0.03976400 -0.03976431 3.07e-07
   33  0.330 0.50630300 0.50630294 6.33e-08 -0.04545100 -0.04545142 4.25e-07
   34  0.340 0.50601800 0.50601774 2.62e-07 -0.05095900 -0.05095911 1.07e-07
   35  0.350 0.50570700 0.50570681 1.89e-07 -0.05626600 -0.05626561 3.88e-07
   36  0.360 0.50537100 0.50537143 4.28e-07 -0.06135000 -0.06134999 1.20e-08
   37  0.370 0.50501300 0.50501296 3.91e-08 -0.06619200 -0.06619216 1.64e-07
   38  0.380 0.50463300 0.50463287 1.27e-07 -0.07077300 -0.07077302 2.46e-08
   39  0.390 0.50423300 0.50423271 2.85e-07 -0.07507400 -0.07507448 4.84e-07
   40  0.400 0.50381400 0.50381411 1.14e-07 -0.07908000 -0.07907956 4.39e-07
   41  0.410 0.50337900 0.50337877 2.29e-07 -0.08277200 -0.08277245 4.45e-07
   42  0.420 0.50292800 0.50292845 4.51e-07 -0.08613900 -0.08613856 4.44e-07
   43  0.430 0.50246500 0.50246498 2.48e-08 -0.08916500 -0.08916461 3.94e-07
   44  0.440 0.50199000 0.50199021 2.14e-07 -0.09183900 -0.09183865 3.52e-07
   45  0.450 0.50150600 0.50150608 7.81e-08 -0.09415000 -0.09415013 1.26e-07
   46  0.460 0.50101500 0.50101451 4.88e-07 -0.09609000 -0.09608991 8.62e-08
   47  0.470 0.50051700 0.50051748 4.83e-07 -0.09765000 -0.09765035 3.54e-07
   48  0.480 0.50001700 0.50001698 2.36e-08 -0.09882500 -0.09882529 2.86e-07
   49  0.490 0.49951500 0.49951499 1.47e-08 -0.09961000 -0.09961007 7.11e-08
   50  0.500 0.49901400 0.49901350 4.97e-07 -0.10000200 -0.10000161 3.88e-07
   51  0.510 0.49851500 0.49851451 4.86e-07 -0.09999800 -0.09999836 3.62e-07
   52  0.520 0.49802000 0.49801999 1.24e-08 -0.09960000 -0.09960033 3.34e-07
   53  0.530 0.49753200 0.49753187 1.30e-07 -0.09880900 -0.09880910 9.98e-08
   54  0.540 0.49705200 0.49705208 7.67e-08 -0.09762800 -0.09762778 2.17e-07
   55  0.550 0.49658200 0.49658248 4.83e-07 -0.09606100 -0.09606105 4.72e-08
   56  0.560 0.49612500 0.49612492 7.95e-08 -0.09411500 -0.09411508 7.76e-08
   57  0.570 0.49568100 0.49568117 1.67e-07 -0.09179800 -0.09179756 4.43e-07
   58  0.580 0.49525300 0.49525294 5.66e-08 -0.08911800 -0.08911763 3.67e-07
   59  0.590 0.49484200 0.49484190 9.68e-08 -0.08608600 -0.08608589 1.12e-07
   60  0.600 0.49445000 0.49444963 3.70e-07 -0.08271400 -0.08271429 2.89e-07
   61  0.610 0.49407800 0.49407763 3.69e-07 -0.07901600 -0.07901615 1.47e-07
   62  0.620 0.49372700 0.49372733 3.31e-07 -0.07500600 -0.07500606 6.14e-08
   63  0.630 0.49340000 0.49340007 6.73e-08 -0.07070000 -0.07069986 1.36e-07
   64  0.640 0.49309700 0.49309709 8.73e-08 -0.06611500 -0.06611455 4.45e-07
   65  0.650 0.49282000 0.49281954 4.58e-07 -0.06126800 -0.06126824 2.36e-07
   66  0.660 0.49256800 0.49256848 4.82e-07 -0.05618000 -0.05618004 3.97e-08
   67  0.670 0.49234500 0.49234486 1.44e-07 -0.05087000 -0.05087005 5.35e-08
   68  0.680 0.49215000 0.49214951 4.92e-07 -0.04535900 -0.04535924 2.40e-07
   69  0.690 0.49198300 0.49198317 1.72e-07 -0.03966900 -0.03966936 3.56e-07
   70  0.700 0.49184600 0.49184647 4.70e-07 -0.03382300 -0.03382286 1.36e-07
   71  0.710 0.49174000 0.49173991 8.61e-08 -0.02784300 -0.02784284 1.56e-07
   72  0.720 0.49166400 0.49166390 1.01e-07 -0.02175300 -0.02175290 9.52e-08
   73  0.730 0.49161900 0.49161871 2.94e-07 -0.01557700 -0.01557709 8.88e-08
   74  0.740 0.49160400 0.49160450 4.99e-07 -0.00934000 -0.00933978 2.23e-07
   75  0.750 0.49162100 0.49162133 3.26e-07 -0.00306600 -0.00306559 4.07e-07
   76  0.760 0.49166900 0.49166912 1.18e-07 0.00322100 0.00322069 3.07e-07
   77  0.770 0.49174800 0.49174769 3.11e-07 0.00949400 0.00949426 2.65e-07
   78  0.780 0.49185700 0.49185674 2.62e-07 0.01573000 0.01573035 3.55e-07
   79  0.790 0.49199600 0.49199585 1.52e-07 0.02190400 0.02190434 3.43e-07
   80  0.800 0.49216400 0.49216449 4.92e-07 0.02799200 0.02799186 1.43e-07
   81  0.810 0.49236200 0.49236203 2.79e-08 0.03396900 0.03396886 1.36e-07
   82  0.820 0.49258800 0.49258771 2.93e-07 0.03981200 0.03981177 2.34e-07
   83  0.830 0.49284100 0.49284067 3.28e-07 0.04549700 0.04549750 4.99e-07
   84  0.840 0.49312000 0.49311996 3.67e-08 0.05100400 0.05100361 3.86e-07
   85  0.850 0.49342500 0.49342452 4.80e-07 0.05630800 0.05630837 3.75e-07
   86  0.860 0.49375300 0.49375318 1.84e-07 0.06139100 0.06139084 1.61e-07
   87  0.870 0.49410500 0.49410470 2.96e-07 0.06623100 0.06623094 5.74e-08
   88  0.880 0.49447800 0.49447774 2.59e-07 0.07081000 0.07080958 4.23e-07
   89  0.890 0.49487100 0.49487087 1.31e-07 0.07510900 0.07510867 3.35e-07
   90  0.900 0.49528300 0.49528259 4.14e-07 0.07911100 0.07911124 2.37e-07
   91  0.910 0.49571100 0.49571131 3.12e-07 0.08280100 0.08280149 4.90e-07
   92  0.920 0.49615500 0.49615540 4.02e-07 0.08616500 0.08616486 1.44e-07
   93  0.930 0.49661300 0.49661315 1.46e-07 0.08918800 0.08918806 5.71e-08
   94  0.940 0.49708300 0.49708278 2.23e-07 0.09185900 0.09185916 1.57e-07
   95  0.950 0.49756200 0.49756248 4.77e-07 0.09416800 0.09416761 3.88e-07
   96  0.960 0.49805000 0.49805039 3.87e-07 0.09610400 0.09610431 3.09e-07
   97  0.970 0.49854500 0.49854461 3.92e-07 0.09766200 0.09766160 4.00e-07
   98  0.980 0.49904300 0.49904321 2.12e-07 0.09883300 0.09883334 3.39e-07
   99  0.990 0.49954400 0.49954425 2.48e-07 0.09961500 0.09961490 1.00e-07
  100  1.000 0.50004600 0.50004575 2.48e-07 0.10000300 0.10000320 1.97e-07
  101  1.010 0.50054600 0.50054575 2.51e-07 0.09999700 0.09999670 3.03e-07
  102  1.020 0.50104200 0.50104227 2.65e-07 0.09959500 0.09959543 4.25e-07
  103  1.030 0.50153300 0.50153334 3.36e-07 0.09880100 0.09880097 3.28e-08
  104  1.040 0.50201700 0.50201701 1.05e-08 0.09761600 0.09761646 4.58e-07
  105  1.050 0.50249100 0.50249136 3.63e-07 0.09604700 0.09604658 4.25e-07
  106  1.060 0.50295400 0.50295450 4.98e-07 0.09409800 0.09409752 4.84e-07
  107  1.070 0.50340500 0.50340456 4.40e-07 0.09177700 0.09177697 2.62e-08
  108  1.080 0.50384000 0.50383974 2.59e-07 0.08909400 0.08909411 1.11e-07
  109  1.090 0.50425800 0.50425829 2.87e-07 0.08606000 0.08605952 4.81e-07
  110  1.100 0.50465900 0.50465851 4.94e-07 0.08268500 0.08268518 1.77e-07
  111  1.110 0.50503900 0.50503878 2.24e-07 0.07898400 0.07898441 4.07e-07
  112  1.120 0.50539800 0.50539755 4.48e-07 0.07497200 0.07497182 1.80e-07
  113  1.130 0.50573300 0.50573337 3.72e-07 0.07066300 0.07066326 2.55e-07
  114  1.140 0.50604500 0.50604486 1.36e-07 0.06607600 0.06607572 2.76e-07
  115  1.150 0.50633100 0.50633075 2.47e-07 0.06122700 0.06122734 3.35e-07
  116  1.160 0.50659000 0.50658986 1.35e-07 0.05613700 0.05613723 2.31e-07
  117  1.170 0.50682100 0.50682113 1.33e-07 0.05082600 0.05082551 4.94e-07
  118  1.180 0.50702400 0.50702360 3.96e-07 0.04531300 0.04531313 1.30e-07
  119  1.190 0.50719600 0.50719644 4.39e-07 0.03962200 0.03962186 1.35e-07
  120  1.200 0.50733900 0.50733892 7.68e-08 0.03377400 0.03377418 1.79e-07
  121  1.210 0.50745000 0.50745046 4.63e-07 0.02779300 0.02779316 1.58e-07
  122  1.220 0.50753100 0.50753059 4.08e-07 0.02170200 0.02170241 4.14e-07
  123  1.230 0.50757900 0.50757897 2.62e-08 0.01552600 0.01552599 8.12e-09
  124  1.240 0.50759500 0.50759540 4.03e-07 0.00928800 0.00928828 2.76e-07
  125  1.250 0.50758000 0.50757981 1.94e-07 0.00301400 0.00301389 1.09e-07
  126  1.260 0.50753200 0.50753224 2.41e-07 -0.00327200 -0.00327239 3.92e-07
  127  1.270 0.50745300 0.50745290 1.01e-07 -0.00954600 -0.00954576 2.44e-07
  128  1.280 0.50734200 0.50734210 1.02e-07 -0.01578100 -0.01578143 4.35e-07
  129  1.290 0.50720000 0.50720030 3.03e-07 -0.02195500 -0.02195481 1.89e-07
  130  1.300 0.50702800 0.50702808 8.08e-08 -0.02804200 -0.02804151 4.87e-07
  131  1.310 0.50682600 0.50682614 1.42e-07 -0.03401800 -0.03401751 4.88e-07
  132  1.320 0.50659500 0.50659532 3.16e-07 -0.03985900 -0.03985922 2.15e-07
  133  1.330 0.50633700 0.50633655 4.53e-07 -0.04554400 -0.04554356 4.40e-07
  134  1.340 0.50605100 0.50605090 1.02e-07 -0.05104800 -0.05104811 1.07e-07
  135  1.350 0.50574000 0.50573954 4.61e-07 -0.05635100 -0.05635112 1.23e-07
  136  1.360 0.50540400 0.50540374 2.57e-07 -0.06143200 -0.06143167 3.26e-07
  137  1.370 0.50504500 0.50504488 1.15e-07 -0.06627000 -0.06626970 2.97e-07
  138  1.380 0.50466400 0.50466443 4.29e-07 -0.07084600 -0.07084611 1.09e-07
  139  1.390 0.50426400 0.50426393 7.31e-08 -0.07514300 -0.07514283 1.73e-07
  140  1.400 0.50384500 0.50384501 8.05e-09 -0.07914300 -0.07914289 1.08e-07
  141  1.410 0.50340900 0.50340937 3.74e-07 -0.08283100 -0.08283051 4.87e-07
  142  1.420 0.50295900 0.50295879 2.08e-07 -0.08619100 -0.08619113 1.33e-07
  143  1.430 0.50249500 0.50249508 8.22e-08 -0.08921100 -0.08921148 4.84e-07
  144  1.440 0.50202000 0.50202012 1.17e-07 -0.09188000 -0.09187964 3.58e-07
  145  1.450 0.50153600 0.50153581 1.91e-07 -0.09418500 -0.09418507 7.37e-08
  146  1.460 0.50104400 0.50104410 1.01e-07 -0.09611900 -0.09611868 3.22e-07
  147  1.470 0.50054700 0.50054696 3.76e-08 -0.09767300 -0.09767282 1.80e-07
  148  1.480 0.50004600 0.50004638 3.79e-07 -0.09884100 -0.09884137 3.66e-07
  149  1.490 0.49954400 0.49954434 3.43e-07 -0.09962000 -0.09961970 2.98e-07
  150  1.500 0.49904300 0.49904285 1.53e-07 -0.10000500 -0.10000475 2.45e-07
  151  1.510 0.49854400 0.49854388 1.22e-07 -0.09999500 -0.09999500 4.70e-09
  152  1.520 0.49804900 0.49804940 4.05e-07 -0.09959000 -0.09959049 4.90e-07
  153  1.530 0.49756100 0.49756137 3.72e-07 -0.09879300 -0.09879281 1.92e-07
  154  1.540 0.49708200 0.49708169 3.06e-07 -0.09760500 -0.09760511 1.08e-07
  155  1.550 0.49661200 0.49661225 2.47e-07 -0.09603200 -0.09603208 7.79e-08
  156  1.560 0.49615500 0.49615486 1.39e-07 -0.09408000 -0.09407993 7.14e-08
  157  1.570 0.49571100 0.49571131 3.15e-07 -0.09175600 -0.09175637 3.67e-07
  158  1.580 0.49528300 0.49528333 3.26e-07 -0.08907100 -0.08907056 4.35e-07
  159  1.590 0.49487300 0.49487255 4.51e-07 -0.08603300 -0.08603313 1.27e-07
  160  1.600 0.49448100 0.49448057 4.35e-07 -0.08265600 -0.08265604 4.35e-08
  161  1.610 0.49410900 0.49410888 1.19e-07 -0.07895300 -0.07895265 3.53e-07
  162  1.620 0.49375900 0.49375892 8.00e-08 -0.07493800 -0.07493756 4.42e-07
  163  1.630 0.49343200 0.49343202 1.85e-08 -0.07062700 -0.07062663 3.72e-07
  164  1.640 0.49312900 0.49312942 4.22e-07 -0.06603700 -0.06603687 1.25e-07
  165  1.650 0.49285200 0.49285228 2.79e-07 -0.06118600 -0.06118642 4.18e-07
  166  1.660 0.49260200 0.49260164 3.60e-07 -0.05609400 -0.05609441 4.08e-07
  167  1.670 0.49237800 0.49237845 4.53e-07 -0.05078100 -0.05078095 5.47e-08
  168  1.680 0.49218400 0.49218356 4.42e-07 -0.04526700 -0.04526701 7.70e-09
  169  1.690 0.49201800 0.49201769 3.12e-07 -0.03957400 -0.03957436 3.63e-07
  170  1.700 0.49188100 0.49188146 4.64e-07 -0.03372500 -0.03372549 4.85e-07
  171  1.710 0.49177500 0.49177539 3.94e-07 -0.02774300 -0.02774346 4.64e-07
  172  1.720 0.49170000 0.49169987 1.26e-07 -0.02165200 -0.02165192 8.32e-08
  173  1.730 0.49165500 0.49165518 1.82e-07 -0.01547500 -0.01547489 1.09e-07
  174  1.740 0.49164100 0.49164148 4.80e-07 -0.00923700 -0.00923677 2.28e-07
  175  1.750 0.49165900 0.49165881 1.86e-07 -0.00296200 -0.00296219 1.89e-07
  176  1.760 0.49170700 0.49170711 1.13e-07 0.00332400 0.00332409 8.92e-08
  177  1.770 0.49178600 0.49178619 1.89e-07 0.00959700 0.00959724 2.44e-07
  178  1.780 0.49189600 0.49189574 2.60e-07 0.01583300 0.01583251 4.89e-07
  179  1.790 0.49203500 0.49203535 3.47e-07 0.02200500 0.02200527 2.73e-07
  180  1.800 0.49220400 0.49220448 4.80e-07 0.02809100 0.02809116 1.62e-07
  181  1.810 0.49240200 0.49240250 4.96e-07 0.03406600 0.03406615 1.52e-07
  182  1.820 0.49262900 0.49262864 3.57e-07 0.03990700 0.03990665 3.47e-07
  183  1.830 0.49288200 0.49288206 6.43e-08 0.04559000 0.04558961 3.90e-07
  184  1.840 0.49316200 0.49316180 2.03e-07 0.05109300 0.05109259 4.14e-07
  185  1.850 0.49346700 0.49346678 2.21e-07 0.05639400 0.05639386 1.44e-07
  186  1.860 0.49379600 0.49379585 1.50e-07 0.06147200 0.06147249 4.93e-07
  187  1.870 0.49414800 0.49414776 2.42e-07 0.06630800 0.06630845 4.46e-07
  188  1.880 0.49452100 0.49452116 1.62e-07 0.07088300 0.07088262 3.76e-07
  189  1.890 0.49491500 0.49491463 3.65e-07 0.07517700 0.07517697 3.22e-08
  190  1.900 0.49532700 0.49532667 3.28e-07 0.07917500 0.07917453 4.75e-07
  191  1.910 0.49575600 0.49575569 3.05e-07 0.08286000 0.08285951 4.86e-07
  192  1.920 0.49620000 0.49620005 5.42e-08 0.08621700 0.08621739 3.87e-07
  193  1.930 0.49665800 0.49665804 3.99e-08 0.08923500 0.08923489 1.13e-07
  194  1.940 0.49712800 0.49712788 1.16e-07 0.09190000 0.09190010 1.02e-07
  195  1.950 0.49760800 0.49760777 2.31e-07 0.09420300 0.09420251 4.90e-07
  196  1.960 0.49809600 0.49809583 1.66e-07 0.09613300 0.09613302 2.11e-08
  197  1.970 0.49859000 0.49859018 1.78e-07 0.09768400 0.09768401 1.44e-08
  198  1.980 0.49908900 0.49908887 1.26e-07 0.09884900 0.09884937 3.67e-07
  199  1.990 0.49959000 0.49958997 2.82e-08 0.09962400 0.09962448 4.77e-07
  200  2.000 0.50009200 0.50009150 4.96e-07 0.10000600 0.10000629 2.86e-07
  201  2.010 0.50059100 0.50059150 4.97e-07 0.09999300 0.09999329 2.86e-07
  202  2.020 0.50108800 0.50108798 2.30e-08 0.09958600 0.09958553 4.72e-07
  203  2.030 0.50157900 0.50157898 2.09e-08 0.09878500 0.09878462 3.77e-07
  204  2.040 0.50206300 0.50206255 4.47e-07 0.09759400 0.09759373 2.69e-07
  205  2.050 0.50253700 0.50253677 2.27e-07 0.09601800 0.09601755 4.45e-07
  206  2.060 0.50300000 0.50299974 2.56e-07 0.09406200 0.09406232 3.16e-07
  207  2.070 0.50345000 0.50344961 3.89e-07 0.09173600 0.09173573 2.65e-07
  208  2.080 0.50388500 0.50388457 4.33e-07 0.08904700 0.08904700 4.92e-09
  209  2.090 0.50430300 0.50430286 1.42e-07 0.08600700 0.08600671 2.88e-07
  210  2.100 0.50470300 0.50470279 2.06e-07 0.08262700 0.08262689 1.12e-07
  211  2.110 0.50508300 0.50508275 2.46e-07 0.07892100 0.07892087 1.34e-07
  212  2.120 0.50544100 0.50544119 1.94e-07 0.07490300 0.07490328 2.77e-07
  213  2.130 0.50577700 0.50577665 3.47e-07 0.07059000 0.07058998 1.84e-08
  214  2.140 0.50608800 0.50608776 2.39e-07 0.06599800 0.06599801 8.21e-09
  215  2.150 0.50637300 0.50637324 2.44e-07 0.06114500 0.06114549 4.85e-07
  216  2.160 0.50663200 0.50663193 7.09e-08 0.05605200 0.05605157 4.31e-07
  217  2.170 0.50686300 0.50686275 2.48e-07 0.05073600 0.05073637 3.71e-07
  218  2.180 0.50706500 0.50706476 2.39e-07 0.04522100 0.04522087 1.27e-07
  219  2.190 0.50723700 0.50723712 1.20e-07 0.03952700 0.03952685 1.49e-07
  220  2.200 0.50737900 0.50737911 1.14e-07 0.03367700 0.03367678 2.18e-07
  221  2.210 0.50749000 0.50749015 1.53e-07 0.02769400 0.02769376 2.36e-07
  222  2.220 0.50757000 0.50756977 2.28e-07 0.02160100 0.02160141 4.14e-07
  223  2.230 0.50761800 0.50761764 3.62e-07 0.01542400 0.01542379 2.14e-07
  224  2.240 0.50763400 0.50763355 4.53e-07 0.00918500 0.00918527 2.66e-07
  225  2.250 0.50761700 0.50761743 4.27e-07 0.00291000 0.00291049 4.85e-07
  226  2.260 0.50756900 0.50756934 3.38e-07 -0.00337600 -0.00337579 2.14e-07
  227  2.270 0.50748900 0.50748947 4.74e-07 -0.00964900 -0.00964873 2.70e-07
  228  2.280 0.50737800 0.50737816 1.60e-07 -0.01588400 -0.01588358 4.18e-07
  229  2.290 0.50723600 0.50723585 1.52e-07 -0.02205600 -0.02205573 2.71e-07
  230  2.300 0.50706300 0.50706312 1.23e-07 -0.02814100 -0.02814080 1.97e-07
  231  2.310 0.50686100 0.50686069 3.09e-07 -0.03411500 -0.03411478 2.18e-07
  232  2.320 0.50662900 0.50662938 3.84e-07 -0.03995400 -0.03995408 8.07e-08
  233  2.330 0.50637000 0.50637015 1.49e-07 -0.04563600 -0.04563565 3.53e-07
  234  2.340 0.50608400 0.50608405 5.00e-08 -0.05113700 -0.05113705 5.14e-08
  235  2.350 0.50577200 0.50577226 2.58e-07 -0.05643700 -0.05643657 4.25e-07
  236  2.360 0.50543600 0.50543605 5.05e-08 -0.06151300 -0.06151330 2.95e-07
  237  2.370 0.50507700 0.50507680 1.99e-07 -0.06634700 -0.06634717 1.71e-07
  238  2.380 0.50469600 0.50469598 2.22e-08 -0.07091900 -0.07091912 1.19e-07
  239  2.390 0.50429500 0.50429513 1.32e-07 -0.07521100 -0.07521109 8.88e-08
  240  2.400 0.50387600 0.50387590 1.04e-07 -0.07920600 -0.07920614 1.38e-07
  241  2.410 0.50344000 0.50343997 2.84e-08 -0.08288800 -0.08288849 4.93e-07
  242  2.420 0.50298900 0.50298913 1.27e-07 -0.08624400 -0.08624362 3.82e-07
  243  2.430 0.50252500 0.50252518 1.84e-07 -0.08925800 -0.08925827 2.66e-07
  244  2.440 0.50205000 0.50205002 1.61e-08 -0.09192100 -0.09192054 4.63e-07
  245  2.450 0.50156600 0.50156554 4.65e-07 -0.09422000 -0.09421992 7.92e-08
  246  2.460 0.50107400 0.50107369 3.14e-07 -0.09614700 -0.09614734 3.39e-07
  247  2.470 0.50057600 0.50057644 4.39e-07 -0.09769500 -0.09769518 1.82e-07
  248  2.480 0.50007600 0.50007578 2.22e-07 -0.09885700 -0.09885734 3.41e-07
  249  2.490 0.49957400 0.49957370 3.02e-07 -0.09962900 -0.09962923 2.26e-07
  250  2.500 0.49907200 0.49907219 1.91e-07 -0.10000800 -0.10000779 2.09e-07
  251  2.510 0.49857300 0.49857324 2.42e-07 -0.09999200 -0.09999154 4.59e-07
  252  2.520 0.49807900 0.49807882 1.79e-07 -0.09958100 -0.09958054 4.60e-07
  253  2.530 0.49759100 0.49759087 1.27e-07 -0.09877600 -0.09877641 4.11e-07
  254  2.540 0.49711100 0.49711131 3.11e-07 -0.09758200 -0.09758233 3.28e-07
  255  2.550 0.49664200 0.49664201 1.16e-08 -0.09600300 -0.09600301 5.95e-09
  256  2.560 0.49618500 0.49618480 1.96e-07 -0.09404500 -0.09404468 3.21e-07
  257  2.570 0.49574100 0.49574146 4.64e-07 -0.09171500 -0.09171508 7.85e-08
  258  2.580 0.49531400 0.49531371 2.89e-07 -0.08902300 -0.08902340 4.01e-07
  259  2.590 0.49490300 0.49490320 1.97e-07 -0.08598000 -0.08598027 2.74e-07
  260  2.600 0.49451200 0.49451150 4.96e-07 -0.08259800 -0.08259771 2.90e-07
  261  2.610 0.49414000 0.49414014 1.35e-07 -0.07888900 -0.07888906 6.35e-08
  262  2.620 0.49379100 0.49379051 4.86e-07 -0.07486900 -0.07486898 2.46e-08
  263  2.630 0.49346400 0.49346397 2.57e-08 -0.07055300 -0.07055332 3.16e-07
  264  2.640 0.49316200 0.49316176 2.39e-07 -0.06595900 -0.06595912 1.24e-07
  265  2.650 0.49288500 0.49288502 2.18e-08 -0.06110500 -0.06110454 4.65e-07
  266  2.660 0.49263500 0.49263480 1.95e-07 -0.05600900 -0.05600872 2.84e-07
  267  2.670 0.49241200 0.49241206 5.58e-08 -0.05069200 -0.05069178 2.17e-07
  268  2.680 0.49221800 0.49221761 3.86e-07 -0.04517500 -0.04517473 2.73e-07
  269  2.690 0.49205200 0.49205221 2.10e-07 -0.03947900 -0.03947933 3.28e-07
  270  2.700 0.49191600 0.49191646 4.64e-07 -0.03362800 -0.03362807 7.06e-08
  271  2.710 0.49181100 0.49181088 1.18e-07 -0.02764400 -0.02764406 5.52e-08
  272  2.720 0.49173600 0.49173586 1.43e-07 -0.02155100 -0.02155091 9.45e-08
  273  2.730 0.49169200 0.49169167 3.34e-07 -0.01537300 -0.01537268 3.24e-07
  274  2.740 0.49167800 0.49167847 4.69e-07 -0.00913400 -0.00913376 2.42e-07
  275  2.750 0.49169600 0.49169631 3.10e-07 -0.00285900 -0.00285878 2.19e-07
  276  2.760 0.49174500 0.49174512 1.16e-07 0.00342700 0.00342748 4.82e-07
  277  2.770 0.49182500 0.49182470 3.03e-07 0.00970000 0.00970021 2.13e-07
  278  2.780 0.49193500 0.49193475 2.50e-07 0.01593500 0.01593465 3.50e-07
  279  2.790 0.49207500 0.49207485 1.47e-07 0.02210600 0.02210618 1.79e-07
  280  2.800 0.49224400 0.49224447 4.75e-07 0.02819000 0.02819044 4.37e-07
  281  2.810 0.49244300 0.49244297 2.97e-08 0.03416300 0.03416340 4.03e-07
  282  2.820 0.49267000 0.49266959 4.13e-07 0.04000100 0.04000150 4.98e-07
  283  2.830 0.49292300 0.49292346 4.63e-07 0.04568200 0.04568167 3.28e-07
  284  2.840 0.49320400 0.49320364 3.63e-07 0.05118200 0.05118150 4.97e-07
  285  2.850 0.49350900 0.49350904 4.42e-08 0.05647900 0.05647928 2.78e-07
  286  2.860 0.49383900 0.49383852 4.77e-07 0.06155400 0.06155408 8.09e-08
  287  2.870 0.49419100 0.49419082 1.82e-07 0.06638600 0.06638588 1.22e-07
  288  2.880 0.49456500 0.49456459 4.12e-07 0.07095600 0.07095559 4.05e-07
  289  2.890 0.49495800 0.49495841 4.06e-07 0.07524500 0.07524519 1.90e-07
  290  2.900 0.49537100 0.49537076 2.37e-07 0.07923800 0.07923773 2.71e-07
  291  2.910 0.49580000 0.49580008 8.12e-08 0.08291700 0.08291745 4.49e-07
  292  2.920 0.49624500 0.49624471 2.90e-07 0.08627000 0.08626983 1.75e-07
  293  2.930 0.49670300 0.49670294 6.29e-08 0.08928200 0.08928162 3.78e-07
  294  2.940 0.49717300 0.49717299 5.18e-09 0.09194100 0.09194095 5.17e-08
  295  2.950 0.49765300 0.49765306 6.40e-08 0.09423700 0.09423731 3.07e-07
  296  2.960 0.49814100 0.49814128 2.82e-07 0.09616200 0.09616163 3.69e-07
  297  2.970 0.49863600 0.49863575 2.50e-07 0.09770600 0.09770632 3.24e-07
  298  2.980 0.49913500 0.49913454 4.62e-07 0.09886500 0.09886529 2.88e-07
  299  2.990 0.49963600 0.49963570 3.05e-07 0.09963400 0.09963395 5.18e-08
  300  3.000 0.50013700 0.50013726 2.55e-07 0.10000900 0.10000927 2.69e-07
  301  3.010 0.50063700 0.50063724 2.44e-07 0.09999000 0.09998977 2.31e-07
  302  3.020 0.50113400 0.50113369 3.12e-07 0.09957600 0.09957552 4.75e-07
  303  3.030 0.50162500 0.50162462 3.79e-07 0.09876800 0.09876817 1.73e-07
  304  3.040 0.50210800 0.50210809 9.34e-08 0.09757100 0.09757090 1.01e-07
  305  3.050 0.50258200 0.50258218 1.80e-07 0.09598800 0.09598843 4.31e-07
  306  3.060 0.50304500 0.50304499 1.33e-08 0.09402700 0.09402702 1.65e-08
  307  3.070 0.50349500 0.50349466 3.41e-07 0.09169400 0.09169440 3.98e-07
  308  3.080 0.50392900 0.50392939 3.89e-07 0.08900000 0.08899978 2.16e-07
  309  3.090 0.50434700 0.50434743 4.25e-07 0.08595400 0.08595381 1.87e-07
  310  3.100 0.50474700 0.50474708 7.81e-08 0.08256900 0.08256851 4.90e-07
  311  3.110 0.50512700 0.50512673 2.72e-07 0.07885700 0.07885724 2.40e-07
  312  3.120 0.50548500 0.50548483 1.69e-07 0.07483500 0.07483465 3.46e-07
  313  3.130 0.50582000 0.50581993 7.17e-08 0.07051700 0.07051663 3.68e-07
  314  3.140 0.50613100 0.50613065 3.49e-07 0.06592000 0.06592022 2.22e-07
  315  3.150 0.50641600 0.50641573 2.73e-07 0.06106400 0.06106357 4.30e-07
  316  3.160 0.50667400 0.50667399 1.44e-08 0.05596600 0.05596585 1.52e-07
  317  3.170 0.50690400 0.50690436 3.63e-07 0.05064700 0.05064718 1.81e-07
  318  3.180 0.50710600 0.50710591 9.01e-08 0.04512900 0.04512857 4.32e-07
  319  3.190 0.50727800 0.50727779 2.08e-07 0.03943200 0.03943179 2.06e-07
  320  3.200 0.50741900 0.50741930 2.96e-07 0.03357900 0.03357935 3.50e-07
  321  3.210 0.50753000 0.50752983 1.66e-07 0.02759400 0.02759434 3.40e-07
  322  3.220 0.50760900 0.50760894 5.58e-08 0.02150000 0.02150039 3.91e-07
  323  3.230 0.50765600 0.50765629 2.94e-07 0.01532200 0.01532156 4.37e-07
  324  3.240 0.50767200 0.50767168 3.18e-07 0.00908200 0.00908225 2.47e-07
  325  3.250 0.50765500 0.50765504 3.78e-08 0.00280700 0.00280708 7.64e-08
  326  3.260 0.50760600 0.50760643 4.26e-07 -0.00347900 -0.00347918 1.76e-07
  327  3.270 0.50752600 0.50752604 3.98e-08 -0.00975200 -0.00975169 3.06e-07
  328  3.280 0.50741400 0.50741421 2.07e-07 -0.01598600 -0.01598571 2.87e-07
  329  3.290 0.50727100 0.50727138 3.84e-07 -0.02215700 -0.02215662 3.77e-07
  330  3.300 0.50709800 0.50709816 1.56e-07 -0.02824000 -0.02824006 6.29e-08
  331  3.310 0.50689500 0.50689523 2.31e-07 -0.03421200 -0.03421202 1.51e-08
  332  3.320 0.50666300 0.50666344 4.43e-07 -0.04004900 -0.04004890 9.64e-08
  333  3.330 0.50640400 0.50640374 2.58e-07 -0.04572800 -0.04572769 3.15e-07
  334  3.340 0.50611700 0.50611719 1.93e-07 -0.05122600 -0.05122594 5.85e-08
  335  3.350 0.50580500 0.50580497 3.03e-08 -0.05652200 -0.05652197 3.43e-08
  336  3.360 0.50546800 0.50546835 3.50e-07 -0.06159500 -0.06159485 1.50e-07
  337  3.370 0.50510900 0.50510871 2.90e-07 -0.06642500 -0.06642457 4.32e-07
  338  3.380 0.50472800 0.50472752 4.81e-07 -0.07099200 -0.07099205 5.19e-08
  339  3.390 0.50432600 0.50432633 3.31e-07 -0.07527900 -0.07527927 2.71e-07
  340  3.400 0.50390700 0.50390678 2.23e-07 -0.07926900 -0.07926930 2.99e-07
  341  3.410 0.50347100 0.50347056 4.37e-07 -0.08294600 -0.08294638 3.84e-07
  342  3.420 0.50301900 0.50301946 4.56e-07 -0.08629600 -0.08629601 1.00e-08
  343  3.430 0.50255500 0.50255528 2.81e-07 -0.08930500 -0.08930495 4.68e-08
  344  3.440 0.50208000 0.50207991 8.98e-08 -0.09196100 -0.09196133 3.35e-07
  345  3.450 0.50159500 0.50159526 2.58e-07 -0.09425500 -0.09425467 3.33e-07
  346  3.460 0.50110300 0.50110327 2.68e-07 -0.09617600 -0.09617590 1.03e-07
  347  3.470 0.50060600 0.50060591 8.77e-08 -0.09771700 -0.09771744 4.40e-07
  348  3.480 0.50010500 0.50010518 1.75e-07 -0.09887300 -0.09887321 2.10e-07
  349  3.490 0.49960300 0.49960305 5.09e-08 -0.09963900 -0.09963864 3.56e-07
  350  3.500 0.49910200 0.49910153 4.68e-07 -0.10001100 -0.10001072 2.80e-07
  351  3.510 0.49860300 0.49860260 3.95e-07 -0.09998800 -0.09998797 2.99e-08
  352  3.520 0.49810800 0.49810824 2.37e-07 -0.09957000 -0.09957048 4.83e-07
  353  3.530 0.49762000 0.49762037 3.74e-07 -0.09876000 -0.09875991 9.19e-08
  354  3.540 0.49714100 0.49714093 7.06e-08 -0.09755900 -0.09755944 4.44e-07
  355  3.550 0.49667200 0.49667178 2.22e-07 -0.09597400 -0.09597383 1.69e-07
  356  3.560 0.49621500 0.49621475 2.52e-07 -0.09400900 -0.09400933 3.29e-07
  357  3.570 0.49577200 0.49577162 3.84e-07 -0.09167400 -0.09167369 3.08e-07
  358  3.580 0.49534400 0.49534410 9.92e-08 -0.08897600 -0.08897614 1.43e-07
  359  3.590 0.49493400 0.49493385 1.51e-07 -0.08592700 -0.08592733 3.29e-07
  360  3.600 0.49454200 0.49454245 4.46e-07 -0.08253900 -0.08253929 2.88e-07
  361  3.610 0.49417100 0.49417139 3.93e-07 -0.07882500 -0.07882540 3.95e-07
  362  3.620 0.49382200 0.49382211 1.12e-07 -0.07480000 -0.07480031 3.12e-07
  363  3.630 0.49349600 0.49349593 6.50e-08 -0.07048000 -0.07047993 7.07e-08
  364  3.640 0.49319400 0.49319411 1.06e-07 -0.06588100 -0.06588130 3.03e-07
  365  3.650 0.49291800 0.49291777 2.30e-07 -0.06102300 -0.06102259 4.13e-07
  366  3.660 0.49266800 0.49266798 2.48e-08 -0.05592300 -0.05592296 3.58e-08
  367  3.670 0.49244600 0.49244566 3.35e-07 -0.05060300 -0.05060257 4.34e-07
  368  3.680 0.49225200 0.49225168 3.24e-07 -0.04508200 -0.04508240 3.97e-07
  369  3.690 0.49208700 0.49208674 2.61e-07 -0.03938400 -0.03938425 2.50e-07
  370  3.700 0.49195100 0.49195147 4.70e-07 -0.03353100 -0.03353062 3.80e-07
  371  3.710 0.49184600 0.49184638 3.76e-07 -0.02754500 -0.02754462 3.83e-07
  372  3.720 0.49177200 0.49177185 1.54e-07 -0.02145000 -0.02144987 1.29e-07
  373  3.730 0.49172800 0.49172816 1.56e-07 -0.01527000 -0.01527045 4.45e-07
  374  3.740 0.49171500 0.49171546 4.64e-07 -0.00903100 -0.00903073 2.66e-07
  375  3.750 0.49173400 0.49173381 1.88e-07 -0.00275500 -0.00275537 3.71e-07
  376  3.760 0.49178300 0.49178313 1.26e-07 0.00353100 0.00353087 1.30e-07
  377  3.770 0.49186300 0.49186321 2.13e-07 0.00980300 0.00980317 1.72e-07
  378  3.780 0.49197400 0.49197377 2.33e-07 0.01603700 0.01603677 2.28e-07
  379  3.790 0.49211400 0.49211437 3.67e-07 0.02220700 0.02220706 6.18e-08
  380  3.800 0.49228400 0.49228448 4.77e-07 0.02829000 0.02828968 3.19e-07
  381  3.810 0.49248300 0.49248345 4.52e-07 0.03426100 0.03426062 3.82e-07
  382  3.820 0.49271100 0.49271054 4.63e-07 0.04009600 0.04009630 2.99e-07
  383  3.830 0.49296500 0.49296487 1.31e-07 0.04577400 0.04577369 3.14e-07
  384  3.840 0.49324500 0.49324548 4.84e-07 0.05127000 0.05127037 3.66e-07
  385  3.850 0.49355100 0.49355132 3.16e-07 0.05656500 0.05656464 3.61e-07
  386  3.860 0.49388100 0.49388120 2.01e-07 0.06163600 0.06163560 3.97e-07
  387  3.870 0.49423400 0.49423388 1.16e-07 0.06646300 0.06646324 2.40e-07
  388  3.880 0.49460800 0.49460802 2.04e-08 0.07102800 0.07102849 4.90e-07
  389  3.890 0.49500200 0.49500218 1.81e-07 0.07531300 0.07531333 3.31e-07
  390  3.900 0.49541500 0.49541486 1.41e-07 0.07930100 0.07930085 1.53e-07
  391  3.910 0.49584400 0.49584447 4.72e-07 0.08297500 0.08297530 2.96e-07
  392  3.920 0.49628900 0.49628937 3.69e-07 0.08632200 0.08632217 1.72e-07
  393  3.930 0.49674800 0.49674784 1.62e-07 0.08932800 0.08932826 2.61e-07
  394  3.940 0.49721800 0.49721811 1.08e-07 0.09198200 0.09198170 3.04e-07
  395  3.950 0.49769800 0.49769836 3.61e-07 0.09427200 0.09427200 2.43e-09
  396  3.960 0.49818700 0.49818673 2.68e-07 0.09619000 0.09619014 1.38e-07
  397  3.970 0.49868100 0.49868132 3.23e-07 0.09772900 0.09772853 4.70e-07
  398  3.980 0.49918000 0.49918020 2.03e-07 0.09888100 0.09888110 1.05e-07
  399  3.990 0.49968100 0.49968142 4.20e-07 0.09964300 0.09964331 3.13e-07
  400  4.000 0.50018300 0.50018301 7.01e-09 0.10001200 0.10001214 1.45e-07
  401  4.010 0.50068300 0.50068299 9.24e-09 0.09998600 0.09998614 1.45e-07
  402  4.020 0.50117900 0.50117940 3.97e-07 0.09956500 0.09956542 4.15e-07
  403  4.030 0.50167000 0.50167026 2.60e-07 0.09875200 0.09875162 3.83e-07
  404  4.040 0.50215400 0.50215363 3.69e-07 0.09754800 0.09754796 3.67e-08
  405  4.050 0.50262800 0.50262758 4.16e-07 0.09595900 0.09595921 2.06e-07
  406  4.060 0.50309000 0.50309023 2.26e-07 0.09399200 0.09399162 3.84e-07
  407  4.070 0.50354000 0.50353970 2.98e-07 0.09165300 0.09165296 3.74e-08
  408  4.080 0.50397400 0.50397421 2.06e-07 0.08895200 0.08895248 4.78e-07
  409  4.090 0.50439200 0.50439199 1.27e-08 0.08590100 0.08590082 1.78e-07
  410  4.100 0.50479100 0.50479136 3.56e-07 0.08251000 0.08251004 4.44e-08
  411  4.110 0.50517100 0.50517069 3.05e-07 0.07879400 0.07879353 4.70e-07
  412  4.120 0.50552800 0.50552846 4.61e-07 0.07476600 0.07476595 4.93e-08
  413  4.130 0.50586300 0.50586320 1.97e-07 0.07044300 0.07044321 2.07e-07
  414  4.140 0.50617400 0.50617353 4.66e-07 0.06584200 0.06584237 3.66e-07
  415  4.150 0.50645800 0.50645820 2.03e-07 0.06098200 0.06098159 4.11e-07
  416  4.160 0.50671600 0.50671603 3.43e-08 0.05588000 0.05588007 6.59e-08
  417  4.170 0.50694600 0.50694597 3.37e-08 0.05055800 0.05055794 6.25e-08
  418  4.180 0.50714700 0.50714705 5.05e-08 0.04503600 0.04503621 2.14e-07
  419  4.190 0.50731800 0.50731846 4.55e-07 0.03933700 0.03933670 3.05e-07
  420  4.200 0.50745900 0.50745947 4.69e-07 0.03348200 0.03348188 1.19e-07
  421  4.210 0.50757000 0.50756951 4.94e-07 0.02749500 0.02749489 1.14e-07
  422  4.220 0.50764800 0.50764811 1.07e-07 0.02139900 0.02139935 3.46e-07
  423  4.230 0.50769500 0.50769494 6.03e-08 0.01521900 0.01521932 3.24e-07
  424  4.240 0.50771000 0.50770981 1.94e-07 0.00897900 0.00897922 2.18e-07
  425  4.250 0.50769300 0.50769264 3.61e-07 0.00270400 0.00270366 3.36e-07
  426  4.260 0.50764400 0.50764350 4.97e-07 -0.00358300 -0.00358256 4.37e-07
  427  4.270 0.50756300 0.50756260 4.04e-07 -0.00985500 -0.00985465 3.53e-07
  428  4.280 0.50745000 0.50745025 2.45e-07 -0.01608800 -0.01608783 1.73e-07
  429  4.290 0.50730700 0.50730691 8.89e-08 -0.02225700 -0.02225749 4.94e-07
  430  4.300 0.50713300 0.50713318 1.79e-07 -0.02833900 -0.02833929 2.92e-07
  431  4.310 0.50693000 0.50692976 2.38e-07 -0.03430900 -0.03430921 2.12e-07
  432  4.320 0.50669700 0.50669749 4.94e-07 -0.04014400 -0.04014368 3.16e-07
  433  4.330 0.50643700 0.50643733 3.27e-07 -0.04582000 -0.04581967 3.25e-07
  434  4.340 0.50615000 0.50615033 3.28e-07 -0.05131500 -0.05131478 2.23e-07
  435  4.350 0.50583800 0.50583767 3.27e-07 -0.05660700 -0.05660730 2.96e-07
  436  4.360 0.50550100 0.50550064 3.59e-07 -0.06167600 -0.06167634 3.39e-07
  437  4.370 0.50514100 0.50514061 3.88e-07 -0.06650200 -0.06650189 1.06e-07
  438  4.380 0.50475900 0.50475905 5.33e-08 -0.07106500 -0.07106491 9.07e-08
  439  4.390 0.50435800 0.50435752 4.78e-07 -0.07534700 -0.07534737 3.72e-07
  440  4.400 0.50393800 0.50393765 3.48e-07 -0.07933200 -0.07933237 3.75e-07
  441  4.410 0.50350100 0.50350115 1.48e-07 -0.08300400 -0.08300419 1.86e-07
  442  4.420 0.50305000 0.50304978 2.20e-07 -0.08634800 -0.08634831 3.10e-07
  443  4.430 0.50258500 0.50258537 3.73e-07 -0.08935200 -0.08935154 4.55e-07
  444  4.440 0.50211000 0.50210980 2.00e-07 -0.09200200 -0.09200203 3.33e-08
  445  4.450 0.50162500 0.50162498 2.42e-08 -0.09428900 -0.09428931 3.13e-07
  446  4.460 0.50113300 0.50113285 1.53e-07 -0.09620400 -0.09620435 3.53e-07
  447  4.470 0.50063500 0.50063538 3.83e-07 -0.09774000 -0.09773959 4.07e-07
  448  4.480 0.50013500 0.50013457 4.30e-07 -0.09888900 -0.09888897 2.70e-08
  449  4.490 0.49963200 0.49963240 4.02e-07 -0.09964800 -0.09964795 4.51e-08
  450  4.500 0.49913100 0.49913087 1.27e-07 -0.10001400 -0.10001354 4.57e-07
  451  4.510 0.49863200 0.49863197 3.32e-08 -0.09998400 -0.09998429 2.92e-07
  452  4.520 0.49813800 0.49813765 3.47e-07 -0.09956000 -0.09956032 3.20e-07
  453  4.530 0.49765000 0.49764988 1.24e-07 -0.09874300 -0.09874330 3.00e-07
  454  4.540 0.49717100 0.49717055 4.52e-07 -0.09753600 -0.09753646 4.56e-07
  455  4.550 0.49670200 0.49670154 4.55e-07 -0.09594500 -0.09594455 4.46e-07
  456  4.560 0.49624500 0.49624469 3.07e-07 -0.09397400 -0.09397388 1.22e-07
  457  4.570 0.49580200 0.49580177 2.30e-07 -0.09163200 -0.09163221 2.08e-07
  458  4.580 0.49537400 0.49537449 4.90e-07 -0.08892900 -0.08892879 2.11e-07
  459  4.590 0.49496500 0.49496450 4.96e-07 -0.08587400 -0.08587429 2.93e-07
  460  4.600 0.49457300 0.49457339 3.92e-07 -0.08248100 -0.08248078 2.22e-07
  461  4.610 0.49420300 0.49420266 3.45e-07 -0.07876200 -0.07876164 3.57e-07
  462  4.620 0.49385400 0.49385371 2.86e-07 -0.07473200 -0.07473157 4.31e-07
  463  4.630 0.49352800 0.49352790 9.96e-08 -0.07040600 -0.07040647 4.67e-07
  464  4.640 0.49322600 0.49322646 4.55e-07 -0.06580300 -0.06580341 4.11e-07
  465  4.650 0.49295100 0.49295052 4.76e-07 -0.06094100 -0.06094057 4.26e-07
  466  4.660 0.49270100 0.49270115 1.51e-07 -0.05583700 -0.05583715 1.53e-07
  467  4.670 0.49247900 0.49247928 2.80e-07 -0.05051300 -0.05051330 2.95e-07
  468  4.680 0.49228600 0.49228574 2.55e-07 -0.04499000 -0.04499002 1.95e-08
  469  4.690 0.49212100 0.49212127 2.74e-07 -0.03928900 -0.03928913 1.30e-07
  470  4.700 0.49198600 0.49198648 4.84e-07 -0.03343300 -0.03343313 1.34e-07
  471  4.710 0.49188200 0.49188188 1.23e-07 -0.02744500 -0.02744515 1.48e-07
  472  4.720 0.49180800 0.49180784 1.57e-07 -0.02134900 -0.02134881 1.86e-07
  473  4.730 0.49176500 0.49176465 3.46e-07 -0.01516800 -0.01516820 1.98e-07
  474  4.740 0.49175200 0.49175247 4.67e-07 -0.00892800 -0.00892770 3.00e-07
  475  4.750 0.49177100 0.49177132 3.22e-07 -0.00265200 -0.00265196 4.27e-08
  476  4.760 0.49182100 0.49182114 1.43e-07 0.00363400 0.00363426 2.55e-07
  477  4.770 0.49190200 0.49190174 2.64e-07 0.00990600 0.00990612 1.20e-07
  478  4.780 0.49201300 0.49201279 2.08e-07 0.01613900 0.01613888 1.23e-07
  479  4.790 0.49215400 0.49215389 1.13e-07 0.02230800 0.02230792 7.94e-08
  480  4.800 0.49232400 0.49232449 4.86e-07 0.02838900 0.02838890 1.04e-07
  481  4.810 0.49252400 0.49252394 5.91e-08 0.03435800 0.03435780 2.04e-07
  482  4.820 0.49275100 0.49275149 4.94e-07 0.04019100 0.04019106 5.76e-08
  483  4.830 0.49300600 0.49300628 2.82e-07 0.04586600 0.04586565 3.49e-07
  484  4.840 0.49328700 0.49328734 3.38e-07 0.05135900 0.05135917 1.74e-07
  485  4.850 0.49359400 0.49359359 4.06e-07 0.05665000 0.05664994 6.10e-08
  486  4.860 0.49392400 0.49392389 1.15e-07 0.06171700 0.06171706 5.91e-08
  487  4.870 0.49427700 0.49427696 4.47e-08 0.06654100 0.06654053 4.70e-07
  488  4.880 0.49465100 0.49465146 4.58e-07 0.07110100 0.07110131 3.10e-07
  489  4.890 0.49504600 0.49504596 3.79e-08 0.07538100 0.07538139 3.92e-07
  490  4.900 0.49545900 0.49545896 4.05e-08 0.07936400 0.07936388 1.19e-07
  491  4.910 0.49588900 0.49588887 1.33e-07 0.08303300 0.08303305 5.40e-08
  492  4.920 0.49633400 0.49633403 3.21e-08 0.08637400 0.08637443 4.26e-07
  493  4.930 0.49679300 0.49679274 2.58e-07 0.08937500 0.08937480 1.96e-07
  494  4.940 0.49726300 0.49726322 2.25e-07 0.09202200 0.09202235 3.46e-07
  495  4.950 0.49774400 0.49774366 3.40e-07 0.09430700 0.09430660 4.02e-07
  496  4.960 0.49823200 0.49823218 1.85e-07 0.09621900 0.09621854 4.58e-07
  497  4.970 0.49872700 0.49872690 1.03e-07 0.09775100 0.09775063 3.70e-07
  498  4.980 0.49922600 0.49922587 1.32e-07 0.09889700 0.09889681 1.85e-07
  499  4.990 0.49972700 0.49972714 1.44e-07 0.09965300 0.09965257 4.29e-07
  500  5.000 0.50022900 0.50022876 2.42e-07 0.10001500 0.10001491 8.64e-08
  501  5.010 0.50072900 0.50072874 2.63e-07 0.09998200 0.09998241 4.14e-07
  502  5.020 0.50122500 0.50122511 1.05e-07 0.09955500 0.09955520 1.99e-07
  503  5.030 0.50171600 0.50171590 1.01e-07 0.09873500 0.09873496 4.42e-08
  504  5.040 0.50219900 0.50219917 1.67e-07 0.09752500 0.09752492 7.71e-08
  505  5.050 0.50267300 0.50267299 1.39e-08 0.09593000 0.09592988 1.23e-07
  506  5.060 0.50313500 0.50313546 4.62e-07 0.09395600 0.09395612 1.15e-07
  507  5.070 0.50358500 0.50358474 2.58e-07 0.09161100 0.09161143 4.29e-07
  508  5.080 0.50401900 0.50401902 1.94e-08 0.08890500 0.08890508 7.63e-08
  509  5.090 0.50443700 0.50443654 4.56e-07 0.08584800 0.08584774 2.60e-07
  510  5.100 0.50483600 0.50483563 3.71e-07 0.08245100 0.08245149 4.90e-07
  511  5.110 0.50521500 0.50521466 3.44e-07 0.07873000 0.07872974 2.65e-07
  512  5.120 0.50557200 0.50557208 8.48e-08 0.07469700 0.07469717 1.68e-07
  513  5.130 0.50590600 0.50590646 4.58e-07 0.07037000 0.07036971 2.93e-07
  514  5.140 0.50621600 0.50621641 4.10e-07 0.06576400 0.06576444 4.39e-07
  515  5.150 0.50650100 0.50650067 3.28e-07 0.06090000 0.06089954 4.58e-07
  516  5.160 0.50675800 0.50675808 7.53e-08 0.05579400 0.05579422 2.24e-07
  517  5.170 0.50698800 0.50698756 4.39e-07 0.05046900 0.05046864 3.60e-07
  518  5.180 0.50718800 0.50718818 1.83e-07 0.04494400 0.04494381 1.87e-07
  519  5.190 0.50735900 0.50735911 1.10e-07 0.03924200 0.03924155 4.45e-07
  520  5.200 0.50750000 0.50749963 3.66e-07 0.03338400 0.03338438 3.77e-07
  521  5.210 0.50760900 0.50760917 1.69e-07 0.02739500 0.02739540 4.03e-07
  522  5.220 0.50768700 0.50768726 2.60e-07 0.02129800 0.02129828 2.77e-07
  523  5.230 0.50773400 0.50773358 4.24e-07 0.01511700 0.01511707 6.82e-08
  524  5.240 0.50774800 0.50774792 7.82e-08 0.00887600 0.00887618 1.80e-07
  525  5.250 0.50773000 0.50773023 2.31e-07 0.00260000 0.00260025 2.49e-07
  526  5.260 0.50768100 0.50768057 4.29e-07 -0.00368600 -0.00368595 5.39e-08
  527  5.270 0.50759900 0.50759914 1.42e-07 -0.00995800 -0.00995759 4.10e-07
  528  5.280 0.50748600 0.50748627 2.74e-07 -0.01619000 -0.01618992 7.67e-08
  529  5.290 0.50734200 0.50734243 4.28e-07 -0.02235800 -0.02235834 3.41e-07
  530  5.300 0.50716800 0.50716819 1.94e-07 -0.02843800 -0.02843849 4.92e-07
  531  5.310 0.50696400 0.50696428 2.84e-07 -0.03440600 -0.03440637 3.72e-07
  532  5.320 0.50673200 0.50673154 4.65e-07 -0.04023800 -0.04023842 4.21e-07
  533  5.330 0.50647100 0.50647090 9.75e-08 -0.04591200 -0.04591161 3.85e-07
  534  5.340 0.50618300 0.50618345 4.54e-07 -0.05140400 -0.05140356 4.43e-07
  535  5.350 0.50587000 0.50587037 3.68e-07 -0.05669300 -0.05669257 4.33e-07
  536  5.360 0.50553300 0.50553292 7.51e-08 -0.06175800 -0.06175776 2.38e-07
  537  5.370 0.50517300 0.50517251 4.95e-07 -0.06657900 -0.06657915 1.49e-07
  538  5.380 0.50479100 0.50479058 4.20e-07 -0.07113800 -0.07113769 3.09e-07
  539  5.390 0.50438900 0.50438871 2.93e-07 -0.07541500 -0.07541539 3.93e-07
  540  5.400 0.50396900 0.50396852 4.80e-07 -0.07939500 -0.07939537 3.66e-07
  541  5.410 0.50353200 0.50353173 2.73e-07 -0.08306200 -0.08306190 1.00e-07
  542  5.420 0.50308000 0.50308010 9.82e-08 -0.08640100 -0.08640052 4.82e-07
  543  5.430 0.50261500 0.50261546 4.59e-07 -0.08939800 -0.08939804 4.05e-08
  544  5.440 0.50214000 0.50213968 3.15e-07 -0.09204300 -0.09204263 3.66e-07
  545  5.450 0.50165500 0.50165469 3.10e-07 -0.09432400 -0.09432386 1.43e-07
  546  5.460 0.50116200 0.50116242 4.21e-07 -0.09623300 -0.09623271 2.95e-07
  547  5.470 0.50066500 0.50066485 1.50e-07 -0.09776200 -0.09776164 3.58e-07
  548  5.480 0.50016400 0.50016396 3.81e-08 -0.09890500 -0.09890463 3.70e-07
  549  5.490 0.49966200 0.49966175 2.49e-07 -0.09965700 -0.09965716 1.60e-07
  550  5.500 0.49916000 0.49916021 2.12e-07 -0.10001600 -0.10001626 2.58e-07
  551  5.510 0.49866100 0.49866133 3.28e-07 -0.09998100 -0.09998051 4.92e-07
  552  5.520 0.49816700 0.49816707 6.82e-08 -0.09955000 -0.09955005 5.07e-08
  553  5.530 0.49767900 0.49767938 3.77e-07 -0.09872700 -0.09872659 4.14e-07
  554  5.540 0.49720000 0.49720017 1.68e-07 -0.09751300 -0.09751336 3.64e-07
  555  5.550 0.49673100 0.49673131 3.13e-07 -0.09591500 -0.09591517 1.74e-07
  556  5.560 0.49627500 0.49627464 3.59e-07 -0.09393800 -0.09393833 3.27e-07
  557  5.570 0.49583200 0.49583193 7.44e-08 -0.09159100 -0.09159063 3.74e-07
  558  5.580 0.49540500 0.49540488 1.17e-07 -0.08888100 -0.08888134 3.40e-07
  559  5.590 0.49499500 0.49499516 1.62e-07 -0.08582100 -0.08582116 1.64e-07
  560  5.600 0.49460400 0.49460434 3.41e-07 -0.08242200 -0.08242218 1.80e-07
  561  5.610 0.49423400 0.49423392 7.86e-08 -0.07869800 -0.07869781 1.94e-07
  562  5.620 0.49388500 0.49388532 3.21e-07 -0.07466300 -0.07466275 2.54e-07
  563  5.630 0.49356000 0.49355987 1.29e-07 -0.07033300 -0.07033293 7.08e-08
  564  5.640 0.49325900 0.49325881 1.90e-07 -0.06572500 -0.06572545 4.49e-07
  565  5.650 0.49298300 0.49298328 2.83e-07 -0.06085800 -0.06085850 4.95e-07
  566  5.660 0.49273400 0.49273433 3.33e-07 -0.05575100 -0.05575128 2.81e-07
  567  5.670 0.49251300 0.49251290 9.94e-08 -0.05042400 -0.05042397 2.95e-08
  568  5.680 0.49232000 0.49231982 1.80e-07 -0.04489800 -0.04489759 4.06e-07
  569  5.690 0.49215600 0.49215582 1.84e-07 -0.03919400 -0.03919397 3.15e-08
  570  5.700 0.49202200 0.49202150 4.96e-07 -0.03333600 -0.03333561 3.88e-07
  571  5.710 0.49191700 0.49191739 3.86e-07 -0.02734600 -0.02734565 3.49e-07
  572  5.720 0.49184400 0.49184385 1.53e-07 -0.02124800 -0.02124773 2.66e-07
  573  5.730 0.49180100 0.49180116 1.59e-07 -0.01506600 -0.01506593 6.56e-08
  574  5.740 0.49178900 0.49178948 4.78e-07 -0.00882500 -0.00882466 3.43e-07
  575  5.750 0.49180900 0.49180884 1.60e-07 -0.00254900 -0.00254854 4.59e-07
  576  5.760 0.49185900 0.49185917 1.68e-07 0.00373800 0.00373764 3.64e-07
  577  5.770 0.49194000 0.49194027 2.66e-07 0.01000900 0.01000906 5.77e-08
  578  5.780 0.49205200 0.49205182 1.76e-07 0.01624100 0.01624097 3.50e-08
  579  5.790 0.49219300 0.49219342 4.15e-07 0.02240900 0.02240876 2.44e-07
  580  5.800 0.49236500 0.49236450 4.97e-07 0.02848800 0.02848808 8.00e-08
  581  5.810 0.49256400 0.49256444 4.37e-07 0.03445500 0.03445494 6.21e-08
  582  5.820 0.49279200 0.49279246 4.58e-07 0.04028600 0.04028577 2.27e-07
  583  5.830 0.49304800 0.49304770 2.99e-07 0.04595800 0.04595757 4.33e-07
  584  5.840 0.49332900 0.49332920 1.98e-07 0.05144800 0.05144793 7.31e-08
  585  5.850 0.49363600 0.49363588 1.22e-07 0.05673500 0.05673518 1.79e-07
  586  5.860 0.49396700 0.49396658 4.24e-07 0.06179800 0.06179845 4.49e-07
  587  5.870 0.49432000 0.49432003 3.23e-08 0.06661800 0.06661775 2.51e-07
  588  5.880 0.49469500 0.49469490 9.98e-08 0.07117400 0.07117405 5.29e-08
  589  5.890 0.49509000 0.49508975 2.52e-07 0.07544900 0.07544937 3.73e-07
  590  5.900 0.49550300 0.49550306 6.45e-08 0.07942700 0.07942683 1.70e-07
  591  5.910 0.49593300 0.49593327 2.66e-07 0.08309100 0.08309072 2.77e-07
  592  5.920 0.49637900 0.49637870 3.01e-07 0.08642700 0.08642659 4.13e-07
  593  5.930 0.49683800 0.49683765 3.51e-07 0.08942100 0.08942125 2.53e-07
  594  5.940 0.49730800 0.49730834 3.44e-07 0.09206300 0.09206290 1.03e-07
  595  5.950 0.49778900 0.49778896 3.79e-08 0.09434100 0.09434109 9.19e-08
  596  5.960 0.49827800 0.49827764 3.61e-07 0.09624700 0.09624684 1.57e-07
  597  5.970 0.49877200 0.49877247 4.73e-07 0.09777300 0.09777263 3.73e-07
  598  5.980 0.49927200 0.49927153 4.66e-07 0.09891200 0.09891242 4.20e-07
  599  5.990 0.49977300 0.49977287 1.31e-07 0.09966200 0.09966172 2.78e-07
  600  6.000 0.50027500 0.50027451 4.90e-07 0.10001800 0.10001758 4.25e-07
  601  6.010 0.50077400 0.50077448 4.82e-07 0.09997900 0.09997858 4.24e-07
  602  6.020 0.50127100 0.50127081 1.88e-07 0.09954500 0.09954488 1.24e-07
  603  6.030 0.50176200 0.50176153 4.65e-07 0.09871800 0.09871819 1.89e-07
  604  6.040 0.50224500 0.50224470 2.99e-07 0.09750200 0.09750178 2.22e-07
  605  6.050 0.50271800 0.50271838 3.85e-07 0.09590000 0.09590045 4.46e-07
  606  6.060 0.50318100 0.50318069 3.05e-07 0.09392100 0.09392051 4.86e-07
  607  6.070 0.50363000 0.50362978 2.23e-07 0.09157000 0.09156980 2.02e-07
  608  6.080 0.50406400 0.50406383 1.72e-07 0.08885800 0.08885758 4.20e-07
  609  6.090 0.50448100 0.50448110 9.68e-08 0.08579500 0.08579457 4.34e-07
  610  6.100 0.50488000 0.50487990 1.03e-07 0.08239300 0.08239285 1.52e-07
  611  6.110 0.50525900 0.50525861 3.88e-07 0.07866600 0.07866586 1.43e-07
  612  6.120 0.50561600 0.50561570 2.97e-07 0.07462800 0.07462830 3.05e-07
  613  6.130 0.50595000 0.50594971 2.87e-07 0.07029600 0.07029613 1.32e-07
  614  6.140 0.50625900 0.50625928 2.79e-07 0.06568600 0.06568644 4.42e-07
  615  6.150 0.50654300 0.50654313 1.33e-07 0.06081700 0.06081743 4.31e-07
  616  6.160 0.50680000 0.50680011 1.08e-07 0.05570800 0.05570832 3.23e-07
  617  6.170 0.50702900 0.50702915 1.48e-07 0.05037900 0.05037929 2.88e-07
  618  6.180 0.50722900 0.50722931 3.06e-07 0.04485100 0.04485136 3.63e-07
  619  6.190 0.50740000 0.50739976 2.44e-07 0.03914600 0.03914637 3.72e-07
  620  6.200 0.50754000 0.50753979 2.11e-07 0.03328700 0.03328684 1.63e-07
  621  6.210 0.50764900 0.50764882 1.77e-07 0.02729600 0.02729589 1.09e-07
  622  6.220 0.50772600 0.50772640 4.04e-07 0.02119700 0.02119719 1.86e-07
  623  6.230 0.50777200 0.50777220 2.03e-07 0.01501500 0.01501480 2.03e-07
  624  6.240 0.50778600 0.50778603 2.78e-08 0.00877300 0.00877313 1.32e-07
  625  6.250 0.50776800 0.50776781 1.86e-07 0.00249700 0.00249683 1.68e-07
  626  6.260 0.50771800 0.50771763 3.70e-07 -0.00378900 -0.00378933 3.25e-07
  627  6.270 0.50763600 0.50763568 3.21e-07 -0.01006100 -0.01006052 4.78e-07
  628  6.280 0.50752200 0.50752229 2.93e-07 -0.01629200 -0.01629200 2.40e-09
  629  6.290 0.50737800 0.50737794 6.38e-08 -0.02245900 -0.02245916 1.64e-07
  630  6.300 0.50720300 0.50720320 1.98e-07 -0.02853800 -0.02853766 3.39e-07
  631  6.310 0.50699900 0.50699880 2.04e-07 -0.03450300 -0.03450349 4.95e-07
  632  6.320 0.50676600 0.50676557 4.32e-07 -0.04033300 -0.04033311 1.15e-07
  633  6.330 0.50650400 0.50650447 4.69e-07 -0.04600400 -0.04600351 4.94e-07
  634  6.340 0.50621700 0.50621657 4.28e-07 -0.05149200 -0.05149228 2.83e-07
  635  6.350 0.50590300 0.50590305 5.44e-08 -0.05677800 -0.05677778 2.24e-07
  636  6.360 0.50556500 0.50556520 2.00e-07 -0.06183900 -0.06183912 1.20e-07
  637  6.370 0.50520400 0.50520439 3.91e-07 -0.06665600 -0.06665633 3.32e-07
  638  6.380 0.50482200 0.50482210 9.99e-08 -0.07121000 -0.07121040 3.96e-07
  639  6.390 0.50442000 0.50441988 1.15e-07 -0.07548300 -0.07548333 3.33e-07
  640  6.400 0.50399900 0.50399938 3.82e-07 -0.07945800 -0.07945827 2.73e-07
  641  6.410 0.50356200 0.50356230 3.01e-07 -0.08312000 -0.08311952 4.76e-07
  642  6.420 0.50311000 0.50311041 4.11e-07 -0.08645300 -0.08645263 3.67e-07
  643  6.430 0.50264600 0.50264554 4.59e-07 -0.08944400 -0.08944444 4.41e-07
  644  6.440 0.50217000 0.50216957 4.35e-07 -0.09208300 -0.09208314 1.36e-07
  645  6.450 0.50168400 0.50168440 4.00e-07 -0.09435800 -0.09435830 3.01e-07
  646  6.460 0.50119200 0.50119199 7.25e-09 -0.09626100 -0.09626095 4.51e-08
  647  6.470 0.50069400 0.50069431 3.14e-07 -0.09778400 -0.09778359 4.14e-07
  648  6.480 0.50019300 0.50019335 3.51e-07 -0.09892000 -0.09892018 1.82e-07
  649  6.490 0.49969100 0.49969110 9.85e-08 -0.09966600 -0.09966626 2.58e-07
  650  6.500 0.49919000 0.49918955 4.51e-07 -0.10001900 -0.10001887 1.34e-07
  651  6.510 0.49869100 0.49869069 3.12e-07 -0.09997700 -0.09997662 3.84e-07
  652  6.520 0.49819600 0.49819648 4.83e-07 -0.09954000 -0.09953967 3.25e-07
  653  6.530 0.49770900 0.49770888 1.21e-07 -0.09871000 -0.09870977 2.34e-07
  654  6.540 0.49723000 0.49722979 2.12e-07 -0.09749000 -0.09749017 1.67e-07
  655  6.550 0.49676100 0.49676108 8.24e-08 -0.09588600 -0.09588569 3.08e-07
  656  6.560 0.49630500 0.49630459 4.10e-07 -0.09390300 -0.09390268 3.25e-07
  657  6.570 0.49586200 0.49586208 8.37e-08 -0.09154900 -0.09154895 5.39e-08
  658  6.580 0.49543500 0.49543528 2.79e-07 -0.08883400 -0.08883380 2.04e-07
  659  6.590 0.49502600 0.49502582 1.77e-07 -0.08576800 -0.08576794 5.60e-08
  660  6.600 0.49463500 0.49463529 2.94e-07 -0.08236300 -0.08236349 4.94e-07
  661  6.610 0.49426500 0.49426519 1.91e-07 -0.07863400 -0.07863389 1.14e-07
  662  6.620 0.49391700 0.49391693 6.80e-08 -0.07459400 -0.07459384 1.57e-07
  663  6.630 0.49359200 0.49359185 1.54e-07 -0.07025900 -0.07025932 3.16e-07
  664  6.640 0.49329100 0.49329117 1.70e-07 -0.06564700 -0.06564742 4.17e-07
  665  6.650 0.49301600 0.49301605 4.81e-08 -0.06077600 -0.06077635 3.51e-07
  666  6.660 0.49276800 0.49276752 4.79e-07 -0.05566500 -0.05566535 3.51e-07
  667  6.670 0.49254700 0.49254653 4.72e-07 -0.05033500 -0.05033459 4.08e-07
  668  6.680 0.49235400 0.49235390 9.88e-08 -0.04480500 -0.04480512 1.20e-07
  669  6.690 0.49219000 0.49219036 3.65e-07 -0.03909900 -0.03909876 2.35e-07
  670  6.700 0.49205700 0.49205653 4.68e-07 -0.03323800 -0.03323805 5.38e-08
  671  6.710 0.49195300 0.49195290 9.90e-08 -0.02724600 -0.02724612 1.24e-07
  672  6.720 0.49188000 0.49187986 1.42e-07 -0.02114700 -0.02114663 3.69e-07
  673  6.730 0.49183800 0.49183767 3.28e-07 -0.01496400 -0.01496365 3.45e-07
  674  6.740 0.49182600 0.49182650 4.95e-07 -0.00872200 -0.00872160 3.96e-07
  675  6.750 0.49184600 0.49184636 3.65e-07 -0.00244500 -0.00244512 1.22e-07
  676  6.760 0.49189700 0.49189720 2.00e-07 0.00384100 0.00384101 1.31e-08
  677  6.770 0.49197900 0.49197880 1.96e-07 0.01011200 0.01011198 1.54e-08
  678  6.780 0.49209100 0.49209086 1.37e-07 0.01634300 0.01634304 3.54e-08
  679  6.790 0.49223300 0.49223295 4.92e-08 0.02251000 0.02250957 4.33e-07
  680  6.800 0.49240500 0.49240453 4.73e-07 0.02858700 0.02858723 2.34e-07
  681  6.810 0.49260500 0.49260494 6.01e-08 0.03455200 0.03455204 4.27e-08
  682  6.820 0.49283300 0.49283343 4.29e-07 0.04038000 0.04038045 4.46e-07
  683  6.830 0.49308900 0.49308913 1.27e-07 0.04604900 0.04604943 4.33e-07
  684  6.840 0.49337100 0.49337106 6.38e-08 0.05153700 0.05153662 3.75e-07
  685  6.850 0.49367800 0.49367817 1.68e-07 0.05682000 0.05682036 3.58e-07
  686  6.860 0.49400900 0.49400927 2.72e-07 0.06188000 0.06187977 2.27e-07
  687  6.870 0.49436300 0.49436311 1.15e-07 0.06669500 0.06669490 1.03e-07
  688  6.880 0.49473800 0.49473835 3.48e-07 0.07124700 0.07124672 2.80e-07
  689  6.890 0.49513400 0.49513354 4.62e-07 0.07551700 0.07551727 2.72e-07
  690  6.900 0.49554700 0.49554717 1.74e-07 0.07949000 0.07948969 3.06e-07
  691  6.910 0.49597800 0.49597767 3.31e-07 0.08314800 0.08314830 3.03e-07
  692  6.920 0.49642300 0.49642337 3.70e-07 0.08647900 0.08647866 3.44e-07
  693  6.930 0.49688300 0.49688256 4.41e-07 0.08946800 0.08946761 3.95e-07
  694  6.940 0.49735300 0.49735347 4.66e-07 0.09210300 0.09210335 3.50e-07
  695  6.950 0.49783400 0.49783427 2.66e-07 0.09437500 0.09437549 4.85e-07
  696  6.960 0.49832300 0.49832310 9.53e-08 0.09627500 0.09627504 4.12e-08
  697  6.970 0.49881800 0.49881805 5.09e-08 0.09779500 0.09779452 4.82e-07
  698  6.980 0.49931700 0.49931720 2.02e-07 0.09892800 0.09892792 8.15e-08
  699  6.990 0.49981900 0.49981859 4.06e-07 0.09967100 0.09967077 2.33e-07
  700  7.000 0.50032000 0.50032026 2.61e-07 0.10002000 0.10002013 1.30e-07
  701  7.010 0.50082000 0.50082023 2.27e-07 0.09997500 0.09997463 3.69e-07
  702  7.020 0.50131700 0.50131652 4.82e-07 0.09953400 0.09953445 4.47e-07
  703  7.030 0.50180700 0.50180717 1.69e-07 0.09870100 0.09870132 3.17e-07
  704  7.040 0.50229000 0.50229023 2.32e-07 0.09747900 0.09747853 4.71e-07
  705  7.050 0.50276400 0.50276378 2.19e-07 0.09587100 0.09587091 8.77e-08
  706  7.060 0.50322600 0.50322592 7.59e-08 0.09388500 0.09388481 1.88e-07
  707  7.070 0.50367500 0.50367481 1.91e-07 0.09152800 0.09152807 6.93e-08
  708  7.080 0.50410900 0.50410863 3.68e-07 0.08881000 0.08880999 1.17e-08
  709  7.090 0.50452600 0.50452564 3.56e-07 0.08574100 0.08574130 3.00e-07
  710  7.100 0.50492400 0.50492416 1.59e-07 0.08233400 0.08233412 1.18e-07
  711  7.110 0.50530300 0.50530256 4.38e-07 0.07860200 0.07860189 1.06e-07
  712  7.120 0.50565900 0.50565931 3.14e-07 0.07455900 0.07455936 3.62e-07
  713  7.130 0.50599300 0.50599296 3.85e-08 0.07022200 0.07022248 4.82e-07
  714  7.140 0.50630200 0.50630214 1.41e-07 0.06560800 0.06560837 3.74e-07
  715  7.150 0.50658600 0.50658559 4.13e-07 0.06073500 0.06073526 2.55e-07
  716  7.160 0.50684200 0.50684213 1.34e-07 0.05562200 0.05562236 3.63e-07
  717  7.170 0.50707100 0.50707073 2.73e-07 0.05029000 0.05028988 1.18e-07
  718  7.180 0.50727000 0.50727042 4.22e-07 0.04475900 0.04475887 1.35e-07
  719  7.190 0.50744000 0.50744039 3.93e-07 0.03905100 0.03905115 1.47e-07
  720  7.200 0.50758000 0.50757994 6.46e-08 0.03318900 0.03318926 2.62e-07
  721  7.210 0.50768800 0.50768847 4.68e-07 0.02719600 0.02719635 3.50e-07
  722  7.220 0.50776600 0.50776554 4.62e-07 0.02109600 0.02109607 7.14e-08
  723  7.230 0.50781100 0.50781082 1.79e-07 0.01491300 0.01491251 4.91e-07
  724  7.240 0.50782400 0.50782412 1.24e-07 0.00867000 0.00867007 7.43e-08
  725  7.250 0.50780500 0.50780539 3.86e-07 0.00239300 0.00239341 4.11e-07
  726  7.260 0.50775500 0.50775468 3.21e-07 -0.00389300 -0.00389270 3.00e-07
  727  7.270 0.50767200 0.50767221 2.06e-07 -0.01016300 -0.01016344 4.44e-07
  728  7.280 0.50755800 0.50755830 3.03e-07 -0.01639400 -0.01639406 6.41e-08
  729  7.290 0.50741300 0.50741343 4.35e-07 -0.02256000 -0.02255996 3.69e-08
  730  7.300 0.50723800 0.50723819 1.94e-07 -0.02863700 -0.02863680 2.01e-07
  731  7.310 0.50703300 0.50703330 2.99e-07 -0.03460100 -0.03460058 4.19e-07
  732  7.320 0.50680000 0.50679959 4.09e-07 -0.04042800 -0.04042777 2.34e-07
  733  7.330 0.50653800 0.50653803 2.76e-08 -0.04609500 -0.04609535 3.48e-07
  734  7.340 0.50625000 0.50624968 3.19e-07 -0.05158100 -0.05158095 4.68e-08
  735  7.350 0.50593600 0.50593573 2.67e-07 -0.05686300 -0.05686292 7.51e-08
  736  7.360 0.50559700 0.50559747 4.68e-07 -0.06192000 -0.06192041 4.11e-07
  737  7.370 0.50523600 0.50523627 2.70e-07 -0.06673300 -0.06673344 4.45e-07
  738  7.380 0.50485400 0.50485361 3.88e-07 -0.07128300 -0.07128303 2.53e-08
  739  7.390 0.50445100 0.50445106 5.59e-08 -0.07555100 -0.07555119 1.92e-07
  740  7.400 0.50403000 0.50403024 2.38e-07 -0.07952100 -0.07952109 9.44e-08
  741  7.410 0.50359300 0.50359287 1.32e-07 -0.08317700 -0.08317706 6.03e-08
  742  7.420 0.50314100 0.50314072 2.82e-07 -0.08650500 -0.08650466 3.44e-07
  743  7.430 0.50267600 0.50267562 3.83e-07 -0.08949100 -0.08949075 2.55e-07
  744  7.440 0.50219900 0.50219944 4.41e-07 -0.09212400 -0.09212354 4.61e-07
  745  7.450 0.50171400 0.50171411 1.06e-07 -0.09439300 -0.09439264 3.56e-07
  746  7.460 0.50122200 0.50122156 4.40e-07 -0.09628900 -0.09628910 1.02e-07
  747  7.470 0.50072400 0.50072378 2.25e-07 -0.09780500 -0.09780543 4.25e-07
  748  7.480 0.50022300 0.50022274 2.62e-07 -0.09893600 -0.09893563 3.72e-07
  749  7.490 0.49972000 0.49972044 4.44e-07 -0.09967500 -0.09967525 2.49e-07
  750  7.500 0.49921900 0.49921888 1.15e-07 -0.10002100 -0.10002137 3.68e-07
  751  7.510 0.49872000 0.49872005 4.69e-08 -0.09997300 -0.09997262 3.82e-07
  752  7.520 0.49822600 0.49822590 1.02e-07 -0.09952900 -0.09952919 1.92e-07
  753  7.530 0.49773800 0.49773838 3.81e-07 -0.09869300 -0.09869284 1.59e-07
  754  7.540 0.49725900 0.49725941 4.09e-07 -0.09746700 -0.09746687 1.34e-07
  755  7.550 0.49679100 0.49679085 1.47e-07 -0.09585600 -0.09585611 1.07e-07
  756  7.560 0.49633500 0.49633454 4.60e-07 -0.09386700 -0.09386692 7.65e-08
  757  7.570 0.49589200 0.49589224 2.44e-07 -0.09150700 -0.09150717 1.68e-07
  758  7.580 0.49546600 0.49546568 3.23e-07 -0.08878600 -0.08878616 1.57e-07
  759  7.590 0.49505600 0.49505649 4.88e-07 -0.08571500 -0.08571463 3.68e-07
  760  7.600 0.49466600 0.49466625 2.51e-07 -0.08230500 -0.08230472 2.80e-07
  761  7.610 0.49429600 0.49429647 4.65e-07 -0.07857000 -0.07856988 1.19e-07
  762  7.620 0.49394900 0.49394855 4.52e-07 -0.07452500 -0.07452486 1.39e-07
  763  7.630 0.49362400 0.49362383 1.75e-07 -0.07018600 -0.07018563 3.72e-07
  764  7.640 0.49332400 0.49332354 4.64e-07 -0.06556900 -0.06556931 3.14e-07
  765  7.650 0.49304900 0.49304882 1.82e-07 -0.06069400 -0.06069414 1.43e-07
  766  7.660 0.49280100 0.49280071 2.86e-07 -0.05557900 -0.05557936 3.60e-07
  767  7.670 0.49258000 0.49258016 1.61e-07 -0.05024500 -0.05024516 1.59e-07
  768  7.680 0.49238800 0.49238799 1.11e-08 -0.04471300 -0.04471260 4.02e-07
  769  7.690 0.49222500 0.49222492 7.97e-08 -0.03900400 -0.03900352 4.81e-07
  770  7.700 0.49209200 0.49209157 4.34e-07 -0.03314000 -0.03314046 4.61e-07
  771  7.710 0.49198800 0.49198842 4.23e-07 -0.02714700 -0.02714657 4.32e-07
  772  7.720 0.49191600 0.49191588 1.24e-07 -0.02104600 -0.02104551 4.94e-07
  773  7.730 0.49187400 0.49187419 1.91e-07 -0.01486100 -0.01486136 3.59e-07
  774  7.740 0.49186400 0.49186352 4.80e-07 -0.00861900 -0.00861854 4.58e-07
  775  7.750 0.49188400 0.49188390 1.03e-07 -0.00234200 -0.00234170 3.00e-07
  776  7.760 0.49193500 0.49193524 2.40e-07 0.00394400 0.00394439 3.86e-07
  777  7.770 0.49201700 0.49201735 3.49e-07 0.01021500 0.01021490 9.94e-08
  778  7.780 0.49213000 0.49212991 9.05e-08 0.01644500 0.01644509 8.84e-08
  779  7.790 0.49227200 0.49227249 4.93e-07 0.02261000 0.02261035 3.54e-07
  780  7.800 0.49244500 0.49244456 4.42e-07 0.02868600 0.02868636 3.57e-07
  781  7.810 0.49264500 0.49264545 4.50e-07 0.03464900 0.03464911 1.10e-07
  782  7.820 0.49287400 0.49287441 4.07e-07 0.04047500 0.04047508 7.52e-08
  783  7.830 0.49313100 0.49313056 4.40e-07 0.04614100 0.04614125 2.51e-07
  784  7.840 0.49341300 0.49341294 6.33e-08 0.05162500 0.05162527 2.68e-07
  785  7.850 0.49372000 0.49372046 4.64e-07 0.05690500 0.05690548 4.76e-07
  786  7.860 0.49405200 0.49405197 2.60e-08 0.06196100 0.06196103 3.14e-08
  787  7.870 0.49440600 0.49440620 2.03e-07 0.06677200 0.06677197 2.61e-08
  788  7.880 0.49478200 0.49478180 1.99e-07 0.07131900 0.07131931 3.11e-07
  789  7.890 0.49517700 0.49517733 3.34e-07 0.07558500 0.07558509 9.13e-08
  790  7.900 0.49559100 0.49559129 2.88e-07 0.07955200 0.07955247 4.73e-07
  791  7.910 0.49602200 0.49602208 7.65e-08 0.08320600 0.08320579 2.05e-07
  792  7.920 0.49646800 0.49646804 4.40e-08 0.08653100 0.08653063 3.67e-07
  793  7.930 0.49692700 0.49692747 4.73e-07 0.08951400 0.08951386 1.38e-07
  794  7.940 0.49739900 0.49739859 4.09e-07 0.09214400 0.09214370 2.96e-07
  795  7.950 0.49788000 0.49787957 4.27e-07 0.09441000 0.09440978 2.22e-07
  796  7.960 0.49836900 0.49836855 4.47e-07 0.09630300 0.09630314 1.37e-07
  797  7.970 0.49886400 0.49886363 3.70e-07 0.09781600 0.09781631 3.06e-07
  798  7.980 0.49936300 0.49936287 1.30e-07 0.09894300 0.09894331 3.12e-07
  799  7.990 0.49986400 0.49986432 3.20e-07 0.09968000 0.09967970 2.95e-07
  800  8.000 0.50036600 0.50036601 1.18e-08 0.10002300 0.10002258 4.21e-07
  801  8.010 0.50086600 0.50086597 2.92e-08 0.09997100 0.09997058 4.21e-07
  802  8.020 0.50136200 0.50136222 2.23e-07 0.09952400 0.09952391 8.88e-08
  803  8.030 0.50185300 0.50185280 1.98e-07 0.09868400 0.09868434 3.39e-07
  804  8.040 0.50233600 0.50233576 2.39e-07 0.09745500 0.09745518 1.76e-07
  805  8.050 0.50280900 0.50280917 1.74e-07 0.09584100 0.09584128 2.76e-07
  806  8.060 0.50327100 0.50327115 1.50e-07 0.09384900 0.09384901 9.86e-09
  807  8.070 0.50372000 0.50371984 1.63e-07 0.09148600 0.09148624 2.43e-07
  808  8.080 0.50415300 0.50415343 4.32e-07 0.08876200 0.08876230 3.02e-07
  809  8.090 0.50457000 0.50457019 1.87e-07 0.08568800 0.08568794 5.81e-08
  810  8.100 0.50496800 0.50496842 4.16e-07 0.08227500 0.08227530 2.99e-07
  811  8.110 0.50534700 0.50534651 4.94e-07 0.07853800 0.07853785 1.53e-07
  812  8.120 0.50570300 0.50570292 8.08e-08 0.07449000 0.07449034 3.40e-07
  813  8.130 0.50603600 0.50603620 2.03e-07 0.07014900 0.07014876 2.44e-07
  814  8.140 0.50634500 0.50634500 3.89e-09 0.06553000 0.06553024 2.36e-07
  815  8.150 0.50662800 0.50662803 3.30e-08 0.06065300 0.06065301 1.38e-08
  816  8.160 0.50688400 0.50688415 1.51e-07 0.05553600 0.05553634 3.43e-07
  817  8.170 0.50711200 0.50711230 2.97e-07 0.05020000 0.05020042 4.23e-07
  818  8.180 0.50731200 0.50731153 4.71e-07 0.04466600 0.04466632 3.20e-07
  819  8.190 0.50748100 0.50748102 2.16e-08 0.03895600 0.03895588 1.19e-07
  820  8.200 0.50762000 0.50762007 7.30e-08 0.03309200 0.03309165 3.49e-07
  821  8.210 0.50772800 0.50772810 1.04e-07 0.02709700 0.02709678 2.20e-07
  822  8.220 0.50780500 0.50780466 3.36e-07 0.02099500 0.02099493 6.52e-08
  823  8.230 0.50784900 0.50784943 4.30e-07 0.01481000 0.01481021 2.05e-07
  824  8.240 0.50786200 0.50786221 2.11e-07 0.00856700 0.00856701 7.56e-09
  825  8.250 0.50784300 0.50784295 5.04e-08 0.00229000 0.00228999 1.14e-08
  826  8.260 0.50779200 0.50779172 2.81e-07 -0.00399600 -0.00399607 7.09e-08
  827  8.270 0.50770900 0.50770872 2.76e-07 -0.01026600 -0.01026635 3.55e-07
  828  8.280 0.50759400 0.50759430 3.03e-07 -0.01649600 -0.01649611 1.08e-07
  829  8.290 0.50744900 0.50744892 7.63e-08 -0.02266100 -0.02266074 2.62e-07
  830  8.300 0.50727300 0.50727318 1.80e-07 -0.02873600 -0.02873591 9.33e-08
  831  8.310 0.50706800 0.50706779 2.06e-07 -0.03469800 -0.03469763 3.69e-07
  832  8.320 0.50683400 0.50683361 3.94e-07 -0.04052200 -0.04052237 3.74e-07
  833  8.330 0.50657200 0.50657158 4.23e-07 -0.04618700 -0.04618714 1.41e-07
  834  8.340 0.50628300 0.50628278 2.18e-07 -0.05167000 -0.05166957 4.32e-07
  835  8.350 0.50596800 0.50596840 4.03e-07 -0.05694800 -0.05694801 1.29e-08
  836  8.360 0.50563000 0.50562973 2.72e-07 -0.06200200 -0.06200164 3.64e-07
  837  8.370 0.50526800 0.50526814 1.41e-07 -0.06681000 -0.06681049 4.86e-07
  838  8.380 0.50488500 0.50488512 1.18e-07 -0.07135600 -0.07135558 4.22e-07
  839  8.390 0.50448200 0.50448222 2.20e-07 -0.07561900 -0.07561897 2.95e-08
  840  8.400 0.50406100 0.50406109 8.73e-08 -0.07958400 -0.07958383 1.69e-07
  841  8.410 0.50362300 0.50362343 4.29e-07 -0.08323500 -0.08323451 4.93e-07
  842  8.420 0.50317100 0.50317102 2.01e-08 -0.08655700 -0.08655659 4.13e-07
  843  8.430 0.50270600 0.50270569 3.11e-07 -0.08953700 -0.08953695 4.56e-08
  844  8.440 0.50222900 0.50222931 3.13e-07 -0.09216400 -0.09216384 1.56e-07
  845  8.450 0.50174400 0.50174381 1.92e-07 -0.09442700 -0.09442689 1.14e-07
  846  8.460 0.50125100 0.50125112 1.25e-07 -0.09631700 -0.09631715 1.46e-07
  847  8.470 0.50075300 0.50075323 2.34e-07 -0.09782700 -0.09782716 1.60e-07
  848  8.480 0.50025200 0.50025212 1.23e-07 -0.09895100 -0.09895097 3.15e-08
  849  8.490 0.49975000 0.49974979 2.13e-07 -0.09968400 -0.09968413 1.34e-07
  850  8.500 0.49924800 0.49924822 2.19e-07 -0.10002400 -0.10002376 2.38e-07
  851  8.510 0.49874900 0.49874941 4.05e-07 -0.09996900 -0.09996851 4.87e-07
  852  8.520 0.49825500 0.49825531 3.12e-07 -0.09951900 -0.09951860 3.97e-07
  853  8.530 0.49776800 0.49776788 1.17e-07 -0.09867600 -0.09867581 1.90e-07
  854  8.540 0.49728900 0.49728903 3.00e-08 -0.09744300 -0.09744346 4.61e-07
  855  8.550 0.49682100 0.49682062 3.75e-07 -0.09582600 -0.09582642 4.20e-07
  856  8.560 0.49636400 0.49636449 4.93e-07 -0.09383100 -0.09383107 7.12e-08
  857  8.570 0.49592200 0.49592241 4.07e-07 -0.09146500 -0.09146529 2.92e-07
  858  8.580 0.49549600 0.49549608 7.83e-08 -0.08873800 -0.08873842 4.23e-07
  859  8.590 0.49508700 0.49508715 1.55e-07 -0.08566100 -0.08566123 2.29e-07
  860  8.600 0.49469700 0.49469721 2.11e-07 -0.08224600 -0.08224586 1.43e-07
  861  8.610 0.49432800 0.49432774 2.56e-07 -0.07850600 -0.07850579 2.08e-07
  862  8.620 0.49398000 0.49398017 1.68e-07 -0.07445600 -0.07445580 2.02e-07
  863  8.630 0.49365600 0.49365581 1.90e-07 -0.07011200 -0.07011187 1.35e-07
  864  8.640 0.49335600 0.49335591 9.41e-08 -0.06549100 -0.06549114 1.41e-07
  865  8.650 0.49308200 0.49308159 4.06e-07 -0.06061200 -0.06061187 1.31e-07
  866  8.660 0.49283400 0.49283391 8.61e-08 -0.05549300 -0.05549331 3.10e-07
  867  8.670 0.49261400 0.49261380 2.00e-07 -0.05015600 -0.05015567 3.27e-07
  868  8.680 0.49242200 0.49242208 8.31e-08 -0.04462000 -0.04462003 2.90e-08
  869  8.690 0.49225900 0.49225948 4.82e-07 -0.03890800 -0.03890823 2.32e-07
  870  8.700 0.49212700 0.49212661 3.93e-07 -0.03304300 -0.03304283 1.68e-07
  871  8.710 0.49202400 0.49202395 4.74e-08 -0.02704700 -0.02704698 1.64e-08
  872  8.720 0.49195200 0.49195190 9.88e-08 -0.02094400 -0.02094436 3.58e-07
  873  8.730 0.49191100 0.49191072 2.82e-07 -0.01475900 -0.01475905 4.76e-08
  874  8.740 0.49190100 0.49190055 4.47e-07 -0.00851500 -0.00851547 4.71e-07
  875  8.750 0.49192100 0.49192144 4.37e-07 -0.00223800 -0.00223828 2.76e-07
  876  8.760 0.49197300 0.49197329 2.87e-07 0.00404800 0.00404775 2.45e-07
  877  8.770 0.49205600 0.49205590 9.90e-08 0.01031800 0.01031781 1.94e-07
  878  8.780 0.49216900 0.49216896 3.64e-08 0.01654700 0.01654712 1.24e-07
  879  8.790 0.49231200 0.49231204 4.33e-08 0.02271100 0.02271112 1.16e-07
  880  8.800 0.49248500 0.49248460 4.04e-07 0.02878500 0.02878545 4.49e-07
  881  8.810 0.49268600 0.49268597 3.30e-08 0.03474600 0.03474614 1.41e-07
  882  8.820 0.49291500 0.49291539 3.92e-07 0.04057000 0.04056966 3.39e-07
  883  8.830 0.49317200 0.49317200 7.28e-10 0.04623300 0.04623302 1.87e-08
  884  8.840 0.49345500 0.49345482 1.84e-07 0.05171400 0.05171386 1.45e-07
  885  8.850 0.49376300 0.49376277 2.33e-07 0.05699100 0.05699053 4.66e-07
  886  8.860 0.49409500 0.49409468 3.18e-07 0.06204200 0.06204222 2.23e-07
  887  8.870 0.49444900 0.49444930 2.97e-07 0.06684900 0.06684898 2.08e-08
  888  8.880 0.49482500 0.49482526 2.60e-07 0.07139200 0.07139183 1.74e-07
  889  8.890 0.49522100 0.49522113 1.35e-07 0.07565300 0.07565283 1.70e-07
  890  8.900 0.49563500 0.49563541 4.07e-07 0.07961500 0.07961517 1.67e-07
  891  8.910 0.49606600 0.49606649 4.88e-07 0.08326300 0.08326320 1.97e-07
  892  8.920 0.49651300 0.49651272 2.78e-07 0.08658300 0.08658252 4.83e-07
  893  8.930 0.49697200 0.49697239 3.90e-07 0.08956000 0.08956002 2.30e-08
  894  8.940 0.49744400 0.49744372 2.82e-07 0.09218400 0.09218396 4.00e-08
  895  8.950 0.49792500 0.49792488 1.18e-07 0.09444400 0.09444397 3.06e-08
  896  8.960 0.49841400 0.49841401 1.34e-08 0.09633100 0.09633113 1.29e-07
  897  8.970 0.49890900 0.49890921 2.10e-07 0.09783800 0.09783799 1.16e-08
  898  8.980 0.49940900 0.49940854 4.61e-07 0.09895900 0.09895860 4.01e-07
  899  8.990 0.49991000 0.49991005 4.57e-08 0.09968900 0.09968854 4.63e-07
  900  9.000 0.50041200 0.50041176 2.37e-07 0.10002500 0.10002492 8.03e-08
  901  9.010 0.50091200 0.50091171 2.86e-07 0.09996600 0.09996642 4.20e-07
  902  9.020 0.50140800 0.50140793 7.40e-08 0.09951300 0.09951327 2.69e-07
  903  9.030 0.50189800 0.50189843 4.33e-07 0.09866700 0.09866726 2.55e-07
  904  9.040 0.50238100 0.50238129 2.87e-07 0.09743200 0.09743172 2.81e-07
  905  9.050 0.50285500 0.50285456 4.36e-07 0.09581200 0.09581154 4.62e-07
  906  9.060 0.50331600 0.50331637 3.73e-07 0.09381300 0.09381311 1.07e-07
  907  9.070 0.50376500 0.50376486 1.39e-07 0.09144400 0.09144432 3.18e-07
  908  9.080 0.50419800 0.50419823 2.28e-07 0.08871500 0.08871452 4.79e-07
  909  9.090 0.50461500 0.50461472 2.75e-07 0.08563400 0.08563449 4.93e-07
  910  9.100 0.50501300 0.50501267 3.32e-07 0.08221600 0.08221639 3.93e-07
  911  9.110 0.50539000 0.50539044 4.44e-07 0.07847400 0.07847372 2.84e-07
  912  9.120 0.50574700 0.50574652 4.82e-07 0.07442100 0.07442124 2.38e-07
  913  9.130 0.50607900 0.50607944 4.38e-07 0.07007500 0.07007496 4.44e-08
  914  9.140 0.50638800 0.50638784 1.56e-07 0.06545200 0.06545203 2.88e-08
  915  9.150 0.50667000 0.50667047 4.72e-07 0.06057100 0.06057071 2.92e-07
  916  9.160 0.50692600 0.50692616 1.61e-07 0.05545000 0.05545026 2.63e-07
  917  9.170 0.50715400 0.50715386 1.40e-07 0.05011100 0.05011091 9.02e-08
  918  9.180 0.50735300 0.50735263 3.73e-07 0.04457400 0.04457373 2.74e-07
  919  9.190 0.50752200 0.50752164 3.58e-07 0.03886100 0.03886057 4.27e-07
  920  9.200 0.50766000 0.50766020 2.02e-07 0.03299400 0.03299400 4.18e-09
  921  9.210 0.50776800 0.50776773 2.69e-07 0.02699700 0.02699718 1.80e-07
  922  9.220 0.50784400 0.50784378 2.20e-07 0.02089400 0.02089378 2.24e-07
  923  9.230 0.50788800 0.50788803 2.87e-08 0.01470800 0.01470789 1.14e-07
  924  9.240 0.50790000 0.50790029 2.89e-07 0.00846400 0.00846393 6.83e-08
  925  9.250 0.50788100 0.50788050 4.97e-07 0.00218700 0.00218656 4.37e-07
  926  9.260 0.50782900 0.50782875 2.52e-07 -0.00409900 -0.00409944 4.37e-07
  927  9.270 0.50774500 0.50774523 2.32e-07 -0.01036900 -0.01036925 2.54e-07
  928  9.280 0.50763000 0.50763029 2.94e-07 -0.01659800 -0.01659813 1.35e-07
  929  9.290 0.50748400 0.50748440 4.03e-07 -0.02276100 -0.02276149 4.89e-07
  930  9.300 0.50730800 0.50730816 1.57e-07 -0.02883500 -0.02883498 1.63e-08
  931  9.310 0.50710200 0.50710228 2.79e-07 -0.03479500 -0.03479464 3.57e-07
  932  9.320 0.50686800 0.50686761 3.89e-07 -0.04061700 -0.04061694 6.19e-08
  933  9.330 0.50660500 0.50660512 1.18e-07 -0.04627900 -0.04627888 1.16e-07
  934  9.340 0.50631600 0.50631587 1.26e-07 -0.05175800 -0.05175813 1.29e-07
  935  9.350 0.50600100 0.50600107 6.52e-08 -0.05703300 -0.05703304 4.00e-08
  936  9.360 0.50566200 0.50566198 2.01e-08 -0.06208300 -0.06208279 2.06e-07
  937  9.370 0.50530000 0.50530000 4.18e-09 -0.06688700 -0.06688746 4.55e-07
  938  9.380 0.50491700 0.50491662 3.84e-07 -0.07142800 -0.07142805 5.50e-08
  939  9.390 0.50451300 0.50451338 3.78e-07 -0.07568700 -0.07568667 3.32e-07
  940  9.400 0.50409200 0.50409193 6.99e-08 -0.07964600 -0.07964648 4.83e-07
  941  9.410 0.50365400 0.50365398 1.52e-08 -0.08329200 -0.08329187 1.35e-07
  942  9.420 0.50320100 0.50320132 3.16e-07 -0.08660800 -0.08660842 4.25e-07
  943  9.430 0.50273600 0.50273576 2.45e-07 -0.08958300 -0.08958307 6.77e-08
  944  9.440 0.50225900 0.50225918 1.79e-07 -0.09220400 -0.09220405 5.10e-08
  945  9.450 0.50177400 0.50177351 4.94e-07 -0.09446100 -0.09446103 2.73e-08
  946  9.460 0.50128100 0.50128069 3.15e-07 -0.09634500 -0.09634509 8.65e-08
  947  9.470 0.50078300 0.50078269 3.11e-07 -0.09784900 -0.09784879 2.10e-07
  948  9.480 0.50028200 0.50028150 4.95e-07 -0.09896600 -0.09896620 2.03e-07
  949  9.490 0.49977900 0.49977913 1.28e-07 -0.09969300 -0.09969291 8.76e-08
  950  9.500 0.49927800 0.49927755 4.48e-07 -0.10002600 -0.10002605 5.01e-08
  951  9.510 0.49877900 0.49877876 2.38e-07 -0.09996400 -0.09996430 3.01e-07
  952  9.520 0.49828500 0.49828473 2.74e-07 -0.09950800 -0.09950791 9.18e-08
  953  9.530 0.49779700 0.49779739 3.85e-07 -0.09865900 -0.09865867 3.26e-07
  954  9.540 0.49731900 0.49731865 3.48e-07 -0.09742000 -0.09741995 4.87e-08
  955  9.550 0.49685000 0.49685040 3.98e-07 -0.09579700 -0.09579663 3.70e-07
  956  9.560 0.49639400 0.49639445 4.47e-07 -0.09379500 -0.09379512 1.19e-07
  957  9.570 0.49595300 0.49595257 4.29e-07 -0.09142300 -0.09142332 3.19e-07
  958  9.580 0.49552600 0.49552648 4.82e-07 -0.08869100 -0.08869059 4.06e-07
  959  9.590 0.49511800 0.49511783 1.75e-07 -0.08560800 -0.08560773 2.66e-07
  960  9.600 0.49472800 0.49472817 1.74e-07 -0.08218700 -0.08218691 9.31e-08
  961  9.610 0.49435900 0.49435903 2.56e-08 -0.07844200 -0.07844162 3.81e-07
  962  9.620 0.49401200 0.49401179 2.08e-07 -0.07438700 -0.07438666 3.43e-07
  963  9.630 0.49368800 0.49368780 2.01e-07 -0.07003800 -0.07003803 2.72e-08
  964  9.640 0.49338800 0.49338828 2.82e-07 -0.06541300 -0.06541290 1.01e-07
  965  9.650 0.49311400 0.49311438 3.76e-07 -0.06053000 -0.06052953 4.70e-07
  966  9.660 0.49286700 0.49286712 1.19e-07 -0.05540700 -0.05540720 2.01e-07
  967  9.670 0.49264700 0.49264745 4.46e-07 -0.05006600 -0.05006613 1.33e-07
  968  9.680 0.49245600 0.49245618 1.84e-07 -0.04452700 -0.04452741 4.12e-07
  969  9.690 0.49229400 0.49229405 5.07e-08 -0.03881300 -0.03881290 9.66e-08
  970  9.700 0.49216200 0.49216165 3.46e-07 -0.03294500 -0.03294517 1.68e-07
  971  9.710 0.49205900 0.49205949 4.89e-07 -0.02694700 -0.02694737 3.70e-07
  972  9.720 0.49198800 0.49198793 6.64e-08 -0.02084300 -0.02084319 1.88e-07
  973  9.730 0.49194700 0.49194725 2.52e-07 -0.01465700 -0.01465672 2.80e-07
  974  9.740 0.49193800 0.49193759 4.08e-07 -0.00841200 -0.00841239 3.90e-07
  975  9.750 0.49195900 0.49195898 1.60e-08 -0.00213500 -0.00213485 1.50e-07
  976  9.760 0.49201100 0.49201134 3.41e-07 0.00415100 0.00415112 1.19e-07
  977  9.770 0.49209400 0.49209446 4.61e-07 0.01042100 0.01042070 3.00e-07
  978  9.780 0.49220800 0.49220802 2.50e-08 0.01664900 0.01664914 1.41e-07
  979  9.790 0.49235200 0.49235160 3.99e-07 0.02281200 0.02281185 1.45e-07
  980  9.800 0.49252500 0.49252464 3.58e-07 0.02888500 0.02888451 4.89e-07
  981  9.810 0.49272600 0.49272649 4.91e-07 0.03484300 0.03484313 1.35e-07
  982  9.820 0.49295600 0.49295638 3.83e-07 0.04066400 0.04066420 2.04e-07
  983  9.830 0.49321300 0.49321345 4.45e-07 0.04632500 0.04632474 2.63e-07
  984  9.840 0.49349700 0.49349670 2.98e-07 0.05180200 0.05180239 3.88e-07
  985  9.850 0.49380500 0.49380508 7.62e-08 0.05707600 0.05707553 4.69e-07
  986  9.860 0.49413700 0.49413740 3.96e-07 0.06212300 0.06212335 3.48e-07
  987  9.870 0.49449200 0.49449240 3.97e-07 0.06692600 0.06692591 8.70e-08
  988  9.880 0.49486900 0.49486872 2.76e-07 0.07146400 0.07146426 2.65e-07
  989  9.890 0.49526500 0.49526494 5.98e-08 0.07572000 0.07572049 4.87e-07
  990  9.900 0.49568000 0.49567953 4.70e-07 0.07967800 0.07967778 2.24e-07
  991  9.910 0.49611100 0.49611090 9.61e-08 0.08332100 0.08332051 4.89e-07
  992  9.920 0.49655700 0.49655740 4.04e-07 0.08663400 0.08663431 3.09e-07
  993  9.930 0.49701700 0.49701731 3.11e-07 0.08960600 0.08960609 8.84e-08
  994  9.940 0.49748900 0.49748885 1.51e-07 0.09222400 0.09222412 1.17e-07
  995  9.950 0.49797000 0.49797019 1.93e-07 0.09447800 0.09447806 6.00e-08
  996  9.960 0.49845900 0.49845948 4.75e-07 0.09635900 0.09635902 1.83e-08
  997  9.970 0.49895500 0.49895479 2.09e-07 0.09786000 0.09785957 4.34e-07
  998  9.980 0.49945400 0.49945421 2.08e-07 0.09897400 0.09897378 2.20e-07
  999  9.990 0.49995600 0.49995577 2.28e-07 0.09969700 0.09969726 2.62e-07
