#Time 	 x_analytical 	 v_analytical 	 x_MPM 	 v_MPM 	 error_x 	 error_v
0.000000 	 0.500000 	 0.100000 	 0.500000 	 0.100000 	 0.000000 	 0.000000
0.010000 	 0.500500 	 0.099803 	 0.500500 	 0.100000 	 0.000000 	 0.000197
0.020000 	 0.500998 	 0.099211 	 0.500997 	 0.099605 	 0.000002 	 0.000394
0.030000 	 0.501493 	 0.098229 	 0.501488 	 0.098819 	 0.000006 	 0.000590
0.040000 	 0.501983 	 0.096858 	 0.501972 	 0.097645 	 0.000011 	 0.000787
0.050000 	 0.502465 	 0.095106 	 0.502446 	 0.096091 	 0.000019 	 0.000985
0.060000 	 0.502938 	 0.092978 	 0.502910 	 0.094163 	 0.000028 	 0.001186
0.070000 	 0.503400 	 0.090483 	 0.503360 	 0.091871 	 0.000039 	 0.001389
0.080000 	 0.503848 	 0.087631 	 0.503796 	 0.089226 	 0.000052 	 0.001595
0.090000 	 0.504282 	 0.084433 	 0.504216 	 0.086238 	 0.000066 	 0.001806
0.100000 	 0.504699 	 0.080902 	 0.504618 	 0.082922 	 0.000082 	 0.002020
0.110000 	 0.505098 	 0.077051 	 0.505000 	 0.079291 	 0.000099 	 0.002240
0.120000 	 0.505477 	 0.072897 	 0.505361 	 0.075361 	 0.000116 	 0.002464
0.130000 	 0.505835 	 0.068455 	 0.505700 	 0.071149 	 0.000135 	 0.002694
0.140000 	 0.506169 	 0.063742 	 0.506015 	 0.066672 	 0.000155 	 0.002930
0.150000 	 0.506480 	 0.058779 	 0.506305 	 0.061950 	 0.000175 	 0.003171
0.160000 	 0.506764 	 0.053583 	 0.506569 	 0.057001 	 0.000195 	 0.003418
0.170000 	 0.507022 	 0.048175 	 0.506806 	 0.051846 	 0.000216 	 0.003670
0.180000 	 0.507252 	 0.042578 	 0.507015 	 0.046506 	 0.000237 	 0.003928
0.190000 	 0.507454 	 0.036812 	 0.507196 	 0.041003 	 0.000258 	 0.004190
0.200000 	 0.507626 	 0.030902 	 0.507348 	 0.035359 	 0.000278 	 0.004457
0.210000 	 0.507767 	 0.024869 	 0.507470 	 0.029598 	 0.000298 	 0.004729
0.220000 	 0.507878 	 0.018738 	 0.507561 	 0.023741 	 0.000317 	 0.005003
0.230000 	 0.507958 	 0.012533 	 0.507622 	 0.017813 	 0.000335 	 0.005280
0.240000 	 0.508005 	 0.006279 	 0.507653 	 0.011838 	 0.000352 	 0.005559
0.250000 	 0.508021 	 0.000000 	 0.507653 	 0.005839 	 0.000368 	 0.005839
0.260000 	 0.508005 	 -0.006279 	 0.507623 	 -0.000160 	 0.000383 	 0.006119
0.270000 	 0.507958 	 -0.012533 	 0.507562 	 -0.006136 	 0.000395 	 0.006397
0.280000 	 0.507878 	 -0.018738 	 0.507472 	 -0.012064 	 0.000406 	 0.006674
0.290000 	 0.507767 	 -0.024869 	 0.507352 	 -0.017923 	 0.000415 	 0.006946
0.300000 	 0.507626 	 -0.030902 	 0.507203 	 -0.023688 	 0.000422 	 0.007214
0.310000 	 0.507454 	 -0.036812 	 0.507027 	 -0.029337 	 0.000427 	 0.007475
0.320000 	 0.507252 	 -0.042578 	 0.506823 	 -0.034849 	 0.000430 	 0.007729
0.330000 	 0.507022 	 -0.048175 	 0.506593 	 -0.040202 	 0.000429 	 0.007973
0.340000 	 0.506764 	 -0.053583 	 0.506337 	 -0.045376 	 0.000427 	 0.008207
0.350000 	 0.506480 	 -0.058779 	 0.506058 	 -0.050351 	 0.000422 	 0.008428
0.360000 	 0.506169 	 -0.063742 	 0.505756 	 -0.055108 	 0.000414 	 0.008635
0.370000 	 0.505835 	 -0.068455 	 0.505432 	 -0.059629 	 0.000403 	 0.008826
0.380000 	 0.505477 	 -0.072897 	 0.505088 	 -0.063897 	 0.000390 	 0.009000
0.390000 	 0.505098 	 -0.077051 	 0.504725 	 -0.067896 	 0.000373 	 0.009155
0.400000 	 0.504699 	 -0.080902 	 0.504345 	 -0.071612 	 0.000354 	 0.009289
0.410000 	 0.504282 	 -0.084433 	 0.503950 	 -0.075031 	 0.000333 	 0.009402
0.420000 	 0.503848 	 -0.087631 	 0.503540 	 -0.078141 	 0.000308 	 0.009490
0.430000 	 0.503400 	 -0.090483 	 0.503119 	 -0.080929 	 0.000281 	 0.009553
0.440000 	 0.502938 	 -0.092978 	 0.502687 	 -0.083388 	 0.000251 	 0.009590
0.450000 	 0.502465 	 -0.095106 	 0.502247 	 -0.085507 	 0.000218 	 0.009598
0.460000 	 0.501983 	 -0.096858 	 0.501800 	 -0.087281 	 0.000183 	 0.009577
0.470000 	 0.501493 	 -0.098229 	 0.501347 	 -0.088704 	 0.000146 	 0.009525
0.480000 	 0.500998 	 -0.099211 	 0.500892 	 -0.089770 	 0.000106 	 0.009441
0.490000 	 0.500500 	 -0.099803 	 0.500435 	 -0.090478 	 0.000065 	 0.009325
0.500000 	 0.500000 	 -0.100000 	 0.499979 	 -0.090826 	 0.000021 	 0.009174
0.510000 	 0.499501 	 -0.099803 	 0.499525 	 -0.090814 	 0.000025 	 0.008989
0.520000 	 0.499004 	 -0.099211 	 0.499075 	 -0.090444 	 0.000072 	 0.008768
0.530000 	 0.498511 	 -0.098229 	 0.498631 	 -0.089717 	 0.000120 	 0.008511
0.540000 	 0.498025 	 -0.096858 	 0.498194 	 -0.088640 	 0.000170 	 0.008218
0.550000 	 0.497547 	 -0.095106 	 0.497767 	 -0.087217 	 0.000220 	 0.007889
0.560000 	 0.497079 	 -0.092978 	 0.497351 	 -0.085455 	 0.000271 	 0.007522
0.570000 	 0.496623 	 -0.090483 	 0.496946 	 -0.083363 	 0.000323 	 0.007119
0.580000 	 0.496181 	 -0.087631 	 0.496556 	 -0.080951 	 0.000375 	 0.006680
0.590000 	 0.495754 	 -0.084433 	 0.496182 	 -0.078228 	 0.000427 	 0.006205
0.600000 	 0.495344 	 -0.080902 	 0.495824 	 -0.075207 	 0.000479 	 0.005694
0.610000 	 0.494953 	 -0.077051 	 0.495484 	 -0.071902 	 0.000531 	 0.005150
0.620000 	 0.494582 	 -0.072897 	 0.495163 	 -0.068326 	 0.000581 	 0.004571
0.630000 	 0.494233 	 -0.068455 	 0.494863 	 -0.064494 	 0.000631 	 0.003960
0.640000 	 0.493906 	 -0.063742 	 0.494585 	 -0.060424 	 0.000679 	 0.003319
0.650000 	 0.493603 	 -0.058779 	 0.494329 	 -0.056131 	 0.000726 	 0.002648
0.660000 	 0.493326 	 -0.053583 	 0.494096 	 -0.051634 	 0.000770 	 0.001949
0.670000 	 0.493075 	 -0.048175 	 0.493888 	 -0.046951 	 0.000813 	 0.001224
0.680000 	 0.492851 	 -0.042578 	 0.493705 	 -0.042102 	 0.000854 	 0.000476
0.690000 	 0.492656 	 -0.036812 	 0.493547 	 -0.037106 	 0.000891 	 0.000294
0.700000 	 0.492489 	 -0.030902 	 0.493415 	 -0.031984 	 0.000926 	 0.001083
0.710000 	 0.492351 	 -0.024869 	 0.493309 	 -0.026757 	 0.000958 	 0.001888
0.720000 	 0.492244 	 -0.018738 	 0.493231 	 -0.021445 	 0.000987 	 0.002707
0.730000 	 0.492167 	 -0.012533 	 0.493178 	 -0.016070 	 0.001011 	 0.003537
0.740000 	 0.492121 	 -0.006279 	 0.493153 	 -0.010653 	 0.001033 	 0.004374
0.750000 	 0.492105 	 -0.000000 	 0.493155 	 -0.005216 	 0.001050 	 0.005216
0.760000 	 0.492121 	 0.006279 	 0.493184 	 0.000219 	 0.001063 	 0.006060
0.770000 	 0.492167 	 0.012533 	 0.493239 	 0.005631 	 0.001072 	 0.006902
0.780000 	 0.492244 	 0.018738 	 0.493321 	 0.011000 	 0.001077 	 0.007739
0.790000 	 0.492351 	 0.024869 	 0.493428 	 0.016303 	 0.001076 	 0.008566
0.800000 	 0.492489 	 0.030902 	 0.493560 	 0.021520 	 0.001072 	 0.009382
0.810000 	 0.492656 	 0.036812 	 0.493718 	 0.026631 	 0.001062 	 0.010182
0.820000 	 0.492851 	 0.042578 	 0.493899 	 0.031616 	 0.001048 	 0.010962
0.830000 	 0.493075 	 0.048175 	 0.494104 	 0.036456 	 0.001029 	 0.011719
0.840000 	 0.493326 	 0.053583 	 0.494331 	 0.041133 	 0.001005 	 0.012450
0.850000 	 0.493603 	 0.058779 	 0.494579 	 0.045628 	 0.000976 	 0.013150
0.860000 	 0.493906 	 0.063742 	 0.494847 	 0.049925 	 0.000942 	 0.013817
0.870000 	 0.494233 	 0.068455 	 0.495135 	 0.054008 	 0.000903 	 0.014447
0.880000 	 0.494582 	 0.072897 	 0.495441 	 0.057861 	 0.000859 	 0.015036
0.890000 	 0.494953 	 0.077051 	 0.495764 	 0.061470 	 0.000811 	 0.015581
0.900000 	 0.495344 	 0.080902 	 0.496102 	 0.064822 	 0.000758 	 0.016079
0.910000 	 0.495754 	 0.084433 	 0.496455 	 0.067905 	 0.000701 	 0.016528
0.920000 	 0.496181 	 0.087631 	 0.496820 	 0.070707 	 0.000639 	 0.016924
0.930000 	 0.496623 	 0.090483 	 0.497196 	 0.073219 	 0.000573 	 0.017264
0.940000 	 0.497079 	 0.092978 	 0.497582 	 0.075431 	 0.000503 	 0.017546
0.950000 	 0.497547 	 0.095106 	 0.497977 	 0.077337 	 0.000430 	 0.017768
0.960000 	 0.498025 	 0.096858 	 0.498378 	 0.078930 	 0.000353 	 0.017928
0.970000 	 0.498511 	 0.098229 	 0.498784 	 0.080206 	 0.000273 	 0.018023
0.980000 	 0.499004 	 0.099211 	 0.499194 	 0.081159 	 0.000190 	 0.018052
0.990000 	 0.499501 	 0.099803 	 0.499605 	 0.081788 	 0.000104 	 0.018014
1.000000 	 0.500000 	 0.100000 	 0.500017 	 0.082092 	 0.000017 	 0.017908
1.010000 	 0.500500 	 0.099803 	 0.500427 	 0.082071 	 0.000073 	 0.017732
1.020000 	 0.500998 	 0.099211 	 0.500834 	 0.081726 	 0.000164 	 0.017486
1.030000 	 0.501493 	 0.098229 	 0.501237 	 0.081059 	 0.000257 	 0.017170
1.040000 	 0.501983 	 0.096858 	 0.501633 	 0.080075 	 0.000350 	 0.016783
1.050000 	 0.502465 	 0.095106 	 0.502022 	 0.078779 	 0.000443 	 0.016327
1.060000 	 0.502938 	 0.092978 	 0.502401 	 0.077177 	 0.000537 	 0.015801
1.070000 	 0.503400 	 0.090483 	 0.502770 	 0.075276 	 0.000630 	 0.015207
1.080000 	 0.503848 	 0.087631 	 0.503127 	 0.073086 	 0.000722 	 0.014545
1.090000 	 0.504282 	 0.084433 	 0.503470 	 0.070615 	 0.000812 	 0.013817
1.100000 	 0.504699 	 0.080902 	 0.503798 	 0.067876 	 0.000901 	 0.013026
1.110000 	 0.505098 	 0.077051 	 0.504110 	 0.064879 	 0.000988 	 0.012172
1.120000 	 0.505477 	 0.072897 	 0.504405 	 0.061638 	 0.001073 	 0.011259
1.130000 	 0.505835 	 0.068455 	 0.504681 	 0.058166 	 0.001154 	 0.010289
1.140000 	 0.506169 	 0.063742 	 0.504937 	 0.054478 	 0.001232 	 0.009264
1.150000 	 0.506480 	 0.058779 	 0.505174 	 0.050589 	 0.001306 	 0.008189
1.160000 	 0.506764 	 0.053583 	 0.505388 	 0.046515 	 0.001376 	 0.007067
1.170000 	 0.507022 	 0.048175 	 0.505581 	 0.042274 	 0.001441 	 0.005901
1.180000 	 0.507252 	 0.042578 	 0.505751 	 0.037882 	 0.001502 	 0.004696
1.190000 	 0.507454 	 0.036812 	 0.505897 	 0.033358 	 0.001557 	 0.003455
1.200000 	 0.507626 	 0.030902 	 0.506020 	 0.028719 	 0.001606 	 0.002183
1.210000 	 0.507767 	 0.024869 	 0.506118 	 0.023984 	 0.001650 	 0.000885
1.220000 	 0.507878 	 0.018738 	 0.506191 	 0.019174 	 0.001687 	 0.000436
1.230000 	 0.507958 	 0.012533 	 0.506239 	 0.014306 	 0.001718 	 0.001773
1.240000 	 0.508005 	 0.006279 	 0.506263 	 0.009400 	 0.001743 	 0.003121
1.250000 	 0.508021 	 0.000000 	 0.506261 	 0.004476 	 0.001760 	 0.004476
1.260000 	 0.508005 	 -0.006279 	 0.506234 	 -0.000446 	 0.001771 	 0.005833
1.270000 	 0.507958 	 -0.012533 	 0.506183 	 -0.005348 	 0.001775 	 0.007185
1.280000 	 0.507878 	 -0.018738 	 0.506107 	 -0.010210 	 0.001771 	 0.008528
1.290000 	 0.507767 	 -0.024869 	 0.506008 	 -0.015013 	 0.001760 	 0.009856
1.300000 	 0.507626 	 -0.030902 	 0.505885 	 -0.019738 	 0.001741 	 0.011164
1.310000 	 0.507454 	 -0.036812 	 0.505738 	 -0.024367 	 0.001716 	 0.012446
1.320000 	 0.507252 	 -0.042578 	 0.505570 	 -0.028881 	 0.001682 	 0.013696
1.330000 	 0.507022 	 -0.048175 	 0.505380 	 -0.033265 	 0.001642 	 0.014910
1.340000 	 0.506764 	 -0.053583 	 0.505170 	 -0.037500 	 0.001595 	 0.016083
1.350000 	 0.506480 	 -0.058779 	 0.504940 	 -0.041571 	 0.001540 	 0.017208
1.360000 	 0.506169 	 -0.063742 	 0.504691 	 -0.045462 	 0.001479 	 0.018281
1.370000 	 0.505835 	 -0.068455 	 0.504424 	 -0.049158 	 0.001410 	 0.019297
1.380000 	 0.505477 	 -0.072897 	 0.504141 	 -0.052646 	 0.001336 	 0.020251
1.390000 	 0.505098 	 -0.077051 	 0.503843 	 -0.055913 	 0.001255 	 0.021139
1.400000 	 0.504699 	 -0.080902 	 0.503531 	 -0.058946 	 0.001168 	 0.021956
1.410000 	 0.504282 	 -0.084433 	 0.503207 	 -0.061735 	 0.001076 	 0.022698
1.420000 	 0.503848 	 -0.087631 	 0.502871 	 -0.064269 	 0.000978 	 0.023362
1.430000 	 0.503400 	 -0.090483 	 0.502525 	 -0.066539 	 0.000875 	 0.023943
1.440000 	 0.502938 	 -0.092978 	 0.502170 	 -0.068538 	 0.000768 	 0.024439
1.450000 	 0.502465 	 -0.095106 	 0.501809 	 -0.070259 	 0.000656 	 0.024847
1.460000 	 0.501983 	 -0.096858 	 0.501442 	 -0.071695 	 0.000541 	 0.025163
1.470000 	 0.501493 	 -0.098229 	 0.501071 	 -0.072843 	 0.000422 	 0.025386
1.480000 	 0.500998 	 -0.099211 	 0.500698 	 -0.073699 	 0.000301 	 0.025513
1.490000 	 0.500500 	 -0.099803 	 0.500323 	 -0.074260 	 0.000177 	 0.025542
1.500000 	 0.500000 	 -0.100000 	 0.499949 	 -0.074526 	 0.000051 	 0.025474
1.510000 	 0.499501 	 -0.099803 	 0.499576 	 -0.074497 	 0.000076 	 0.025306
1.520000 	 0.499004 	 -0.099211 	 0.499207 	 -0.074174 	 0.000204 	 0.025038
1.530000 	 0.498511 	 -0.098229 	 0.498843 	 -0.073559 	 0.000332 	 0.024670
1.540000 	 0.498025 	 -0.096858 	 0.498485 	 -0.072656 	 0.000461 	 0.024202
1.550000 	 0.497547 	 -0.095106 	 0.498135 	 -0.071470 	 0.000588 	 0.023635
1.560000 	 0.497079 	 -0.092978 	 0.497794 	 -0.070007 	 0.000715 	 0.022971
1.570000 	 0.496623 	 -0.090483 	 0.497463 	 -0.068273 	 0.000839 	 0.022210
1.580000 	 0.496181 	 -0.087631 	 0.497143 	 -0.066276 	 0.000962 	 0.021354
1.590000 	 0.495754 	 -0.084433 	 0.496836 	 -0.064026 	 0.001082 	 0.020407
1.600000 	 0.495344 	 -0.080902 	 0.496543 	 -0.061532 	 0.001198 	 0.019370
1.610000 	 0.494953 	 -0.077051 	 0.496265 	 -0.058805 	 0.001311 	 0.018246
1.620000 	 0.494582 	 -0.072897 	 0.496002 	 -0.055857 	 0.001420 	 0.017040
1.630000 	 0.494233 	 -0.068455 	 0.495757 	 -0.052700 	 0.001524 	 0.015755
1.640000 	 0.493906 	 -0.063742 	 0.495529 	 -0.049347 	 0.001623 	 0.014395
1.650000 	 0.493603 	 -0.058779 	 0.495320 	 -0.045814 	 0.001716 	 0.012965
1.660000 	 0.493326 	 -0.053583 	 0.495130 	 -0.042113 	 0.001804 	 0.011469
1.670000 	 0.493075 	 -0.048175 	 0.494960 	 -0.038262 	 0.001885 	 0.009914
1.680000 	 0.492851 	 -0.042578 	 0.494810 	 -0.034274 	 0.001959 	 0.008304
1.690000 	 0.492656 	 -0.036812 	 0.494682 	 -0.030168 	 0.002026 	 0.006645
1.700000 	 0.492489 	 -0.030902 	 0.494575 	 -0.025959 	 0.002086 	 0.004943
1.710000 	 0.492351 	 -0.024869 	 0.494489 	 -0.021664 	 0.002138 	 0.003205
1.720000 	 0.492244 	 -0.018738 	 0.494426 	 -0.017301 	 0.002182 	 0.001437
1.730000 	 0.492167 	 -0.012533 	 0.494384 	 -0.012888 	 0.002217 	 0.000355
1.740000 	 0.492121 	 -0.006279 	 0.494365 	 -0.008441 	 0.002244 	 0.002162
1.750000 	 0.492105 	 -0.000000 	 0.494368 	 -0.003979 	 0.002263 	 0.003979
1.760000 	 0.492121 	 0.006279 	 0.494393 	 0.000480 	 0.002272 	 0.005799
1.770000 	 0.492167 	 0.012533 	 0.494440 	 0.004920 	 0.002273 	 0.007613
1.780000 	 0.492244 	 0.018738 	 0.494508 	 0.009322 	 0.002264 	 0.009416
1.790000 	 0.492351 	 0.024869 	 0.494598 	 0.013670 	 0.002246 	 0.011199
1.800000 	 0.492489 	 0.030902 	 0.494708 	 0.017946 	 0.002219 	 0.012955
1.810000 	 0.492656 	 0.036812 	 0.494839 	 0.022134 	 0.002183 	 0.014678
1.820000 	 0.492851 	 0.042578 	 0.494989 	 0.026218 	 0.002138 	 0.016360
1.830000 	 0.493075 	 0.048175 	 0.495158 	 0.030182 	 0.002083 	 0.017993
1.840000 	 0.493326 	 0.053583 	 0.495346 	 0.034011 	 0.002020 	 0.019572
1.850000 	 0.493603 	 0.058779 	 0.495551 	 0.037690 	 0.001948 	 0.021088
1.860000 	 0.493906 	 0.063742 	 0.495773 	 0.041206 	 0.001867 	 0.022537
1.870000 	 0.494233 	 0.068455 	 0.496011 	 0.044544 	 0.001778 	 0.023910
1.880000 	 0.494582 	 0.072897 	 0.496263 	 0.047694 	 0.001681 	 0.025203
1.890000 	 0.494953 	 0.077051 	 0.496530 	 0.050643 	 0.001576 	 0.026409
1.900000 	 0.495344 	 0.080902 	 0.496808 	 0.053379 	 0.001464 	 0.027522
1.910000 	 0.495754 	 0.084433 	 0.497099 	 0.055894 	 0.001345 	 0.028538
1.920000 	 0.496181 	 0.087631 	 0.497399 	 0.058179 	 0.001218 	 0.029452
1.930000 	 0.496623 	 0.090483 	 0.497709 	 0.060224 	 0.001086 	 0.030258
1.940000 	 0.497079 	 0.092978 	 0.498027 	 0.062024 	 0.000948 	 0.030953
1.950000 	 0.497547 	 0.095106 	 0.498351 	 0.063572 	 0.000804 	 0.031534
1.960000 	 0.498025 	 0.096858 	 0.498681 	 0.064862 	 0.000656 	 0.031996
1.970000 	 0.498511 	 0.098229 	 0.499015 	 0.065892 	 0.000504 	 0.032337
1.980000 	 0.499004 	 0.099211 	 0.499351 	 0.066657 	 0.000348 	 0.032555
1.990000 	 0.499501 	 0.099803 	 0.499689 	 0.067156 	 0.000189 	 0.032647
2.000000 	 0.500000 	 0.100000 	 0.500027 	 0.067388 	 0.000027 	 0.032612
2.010000 	 0.500500 	 0.099803 	 0.500364 	 0.067352 	 0.000136 	 0.032450
2.020000 	 0.500998 	 0.099211 	 0.500698 	 0.067052 	 0.000301 	 0.032160
2.030000 	 0.501493 	 0.098229 	 0.501028 	 0.066487 	 0.000466 	 0.031742
2.040000 	 0.501983 	 0.096858 	 0.501353 	 0.065663 	 0.000630 	 0.031196
2.050000 	 0.502465 	 0.095106 	 0.501671 	 0.064582 	 0.000794 	 0.030524
2.060000 	 0.502938 	 0.092978 	 0.501982 	 0.063251 	 0.000956 	 0.029727
2.070000 	 0.503400 	 0.090483 	 0.502283 	 0.061675 	 0.001116 	 0.028808
2.080000 	 0.503848 	 0.087631 	 0.502575 	 0.059862 	 0.001273 	 0.027769
2.090000 	 0.504282 	 0.084433 	 0.502856 	 0.057819 	 0.001427 	 0.026614
2.100000 	 0.504699 	 0.080902 	 0.503124 	 0.055556 	 0.001576 	 0.025345
2.110000 	 0.505098 	 0.077051 	 0.503378 	 0.053083 	 0.001720 	 0.023968
2.120000 	 0.505477 	 0.072897 	 0.503619 	 0.050410 	 0.001858 	 0.022487
2.130000 	 0.505835 	 0.068455 	 0.503844 	 0.047549 	 0.001991 	 0.020906
2.140000 	 0.506169 	 0.063742 	 0.504053 	 0.044510 	 0.002116 	 0.019232
2.150000 	 0.506480 	 0.058779 	 0.504246 	 0.041308 	 0.002234 	 0.017470
2.160000 	 0.506764 	 0.053583 	 0.504420 	 0.037955 	 0.002344 	 0.015627
2.170000 	 0.507022 	 0.048175 	 0.504577 	 0.034466 	 0.002445 	 0.013710
2.180000 	 0.507252 	 0.042578 	 0.504715 	 0.030854 	 0.002538 	 0.011724
2.190000 	 0.507454 	 0.036812 	 0.504833 	 0.027134 	 0.002621 	 0.009679
2.200000 	 0.507626 	 0.030902 	 0.504932 	 0.023321 	 0.002694 	 0.007581
2.210000 	 0.507767 	 0.024869 	 0.505011 	 0.019431 	 0.002756 	 0.005438
2.220000 	 0.507878 	 0.018738 	 0.505070 	 0.015479 	 0.002809 	 0.003259
2.230000 	 0.507958 	 0.012533 	 0.505108 	 0.011482 	 0.002850 	 0.001051
2.240000 	 0.508005 	 0.006279 	 0.505126 	 0.007455 	 0.002880 	 0.001175
2.250000 	 0.508021 	 0.000000 	 0.505123 	 0.003413 	 0.002899 	 0.003413
2.260000 	 0.508005 	 -0.006279 	 0.505100 	 -0.000626 	 0.002906 	 0.005653
2.270000 	 0.507958 	 -0.012533 	 0.505056 	 -0.004647 	 0.002901 	 0.007887
2.280000 	 0.507878 	 -0.018738 	 0.504993 	 -0.008634 	 0.002885 	 0.010105
2.290000 	 0.507767 	 -0.024869 	 0.504910 	 -0.012571 	 0.002857 	 0.012298
2.300000 	 0.507626 	 -0.030902 	 0.504808 	 -0.016444 	 0.002818 	 0.014458
2.310000 	 0.507454 	 -0.036812 	 0.504687 	 -0.020236 	 0.002767 	 0.016576
2.320000 	 0.507252 	 -0.042578 	 0.504548 	 -0.023935 	 0.002705 	 0.018643
2.330000 	 0.507022 	 -0.048175 	 0.504391 	 -0.027524 	 0.002631 	 0.020651
2.340000 	 0.506764 	 -0.053583 	 0.504218 	 -0.030991 	 0.002547 	 0.022592
2.350000 	 0.506480 	 -0.058779 	 0.504028 	 -0.034322 	 0.002452 	 0.024457
2.360000 	 0.506169 	 -0.063742 	 0.503823 	 -0.037504 	 0.002346 	 0.026238
2.370000 	 0.505835 	 -0.068455 	 0.503604 	 -0.040526 	 0.002231 	 0.027928
2.380000 	 0.505477 	 -0.072897 	 0.503371 	 -0.043377 	 0.002106 	 0.029520
2.390000 	 0.505098 	 -0.077051 	 0.503126 	 -0.046045 	 0.001972 	 0.031007
2.400000 	 0.504699 	 -0.080902 	 0.502870 	 -0.048521 	 0.001829 	 0.032381
2.410000 	 0.504282 	 -0.084433 	 0.502603 	 -0.050795 	 0.001679 	 0.033637
2.420000 	 0.503848 	 -0.087631 	 0.502327 	 -0.052861 	 0.001521 	 0.034770
2.430000 	 0.503400 	 -0.090483 	 0.502043 	 -0.054709 	 0.001356 	 0.035774
2.440000 	 0.502938 	 -0.092978 	 0.501752 	 -0.056334 	 0.001186 	 0.036643
2.450000 	 0.502465 	 -0.095106 	 0.501456 	 -0.057731 	 0.001009 	 0.037375
2.460000 	 0.501983 	 -0.096858 	 0.501155 	 -0.058894 	 0.000828 	 0.037964
2.470000 	 0.501493 	 -0.098229 	 0.500850 	 -0.059820 	 0.000643 	 0.038409
2.480000 	 0.500998 	 -0.099211 	 0.500544 	 -0.060506 	 0.000455 	 0.038705
2.490000 	 0.500500 	 -0.099803 	 0.500236 	 -0.060951 	 0.000264 	 0.038852
2.500000 	 0.500000 	 -0.100000 	 0.499929 	 -0.061153 	 0.000071 	 0.038847
2.510000 	 0.499501 	 -0.099803 	 0.499624 	 -0.061114 	 0.000124 	 0.038689
2.520000 	 0.499004 	 -0.099211 	 0.499322 	 -0.060833 	 0.000318 	 0.038379
2.530000 	 0.498511 	 -0.098229 	 0.499023 	 -0.060312 	 0.000512 	 0.037916
2.540000 	 0.498025 	 -0.096858 	 0.498730 	 -0.059556 	 0.000705 	 0.037302
2.550000 	 0.497547 	 -0.095106 	 0.498443 	 -0.058568 	 0.000896 	 0.036537
2.560000 	 0.497079 	 -0.092978 	 0.498163 	 -0.057353 	 0.001084 	 0.035625
2.570000 	 0.496623 	 -0.090483 	 0.497891 	 -0.055916 	 0.001268 	 0.034567
2.580000 	 0.496181 	 -0.087631 	 0.497630 	 -0.054263 	 0.001449 	 0.033367
2.590000 	 0.495754 	 -0.084433 	 0.497378 	 -0.052404 	 0.001624 	 0.032029
2.600000 	 0.495344 	 -0.080902 	 0.497138 	 -0.050344 	 0.001794 	 0.030557
2.610000 	 0.494953 	 -0.077051 	 0.496910 	 -0.048095 	 0.001957 	 0.028957
2.620000 	 0.494582 	 -0.072897 	 0.496696 	 -0.045664 	 0.002113 	 0.027233
2.630000 	 0.494233 	 -0.068455 	 0.496495 	 -0.043063 	 0.002262 	 0.025392
2.640000 	 0.493906 	 -0.063742 	 0.496309 	 -0.040302 	 0.002403 	 0.023441
2.650000 	 0.493603 	 -0.058779 	 0.496138 	 -0.037393 	 0.002534 	 0.021386
2.660000 	 0.493326 	 -0.053583 	 0.495983 	 -0.034348 	 0.002657 	 0.019235
2.670000 	 0.493075 	 -0.048175 	 0.495844 	 -0.031180 	 0.002769 	 0.016996
2.680000 	 0.492851 	 -0.042578 	 0.495722 	 -0.027901 	 0.002871 	 0.014677
2.690000 	 0.492656 	 -0.036812 	 0.495618 	 -0.024526 	 0.002962 	 0.012287
2.700000 	 0.492489 	 -0.030902 	 0.495531 	 -0.021067 	 0.003042 	 0.009835
2.710000 	 0.492351 	 -0.024869 	 0.495461 	 -0.017539 	 0.003110 	 0.007330
2.720000 	 0.492244 	 -0.018738 	 0.495410 	 -0.013955 	 0.003166 	 0.004783
2.730000 	 0.492167 	 -0.012533 	 0.495377 	 -0.010331 	 0.003210 	 0.002202
2.740000 	 0.492121 	 -0.006279 	 0.495363 	 -0.006681 	 0.003242 	 0.000402
2.750000 	 0.492105 	 -0.000000 	 0.495366 	 -0.003020 	 0.003261 	 0.003020
2.760000 	 0.492121 	 0.006279 	 0.495388 	 0.000639 	 0.003267 	 0.005640
2.770000 	 0.492167 	 0.012533 	 0.495428 	 0.004281 	 0.003261 	 0.008252
2.780000 	 0.492244 	 0.018738 	 0.495485 	 0.007891 	 0.003241 	 0.010847
2.790000 	 0.492351 	 0.024869 	 0.495560 	 0.011456 	 0.003208 	 0.013413
2.800000 	 0.492489 	 0.030902 	 0.495651 	 0.014961 	 0.003163 	 0.015941
2.810000 	 0.492656 	 0.036812 	 0.495760 	 0.018393 	 0.003104 	 0.018420
2.820000 	 0.492851 	 0.042578 	 0.495885 	 0.021738 	 0.003033 	 0.020840
2.830000 	 0.493075 	 0.048175 	 0.496025 	 0.024985 	 0.002950 	 0.023191
2.840000 	 0.493326 	 0.053583 	 0.496180 	 0.028119 	 0.002854 	 0.025464
2.850000 	 0.493603 	 0.058779 	 0.496350 	 0.031130 	 0.002746 	 0.027649
2.860000 	 0.493906 	 0.063742 	 0.496533 	 0.034006 	 0.002627 	 0.029736
2.870000 	 0.494233 	 0.068455 	 0.496729 	 0.036736 	 0.002497 	 0.031718
2.880000 	 0.494582 	 0.072897 	 0.496937 	 0.039310 	 0.002355 	 0.033586
2.890000 	 0.494953 	 0.077051 	 0.497157 	 0.041719 	 0.002204 	 0.035332
2.900000 	 0.495344 	 0.080902 	 0.497387 	 0.043954 	 0.002042 	 0.036948
2.910000 	 0.495754 	 0.084433 	 0.497626 	 0.046006 	 0.001872 	 0.038427
2.920000 	 0.496181 	 0.087631 	 0.497873 	 0.047868 	 0.001692 	 0.039763
2.930000 	 0.496623 	 0.090483 	 0.498128 	 0.049534 	 0.001505 	 0.040949
2.940000 	 0.497079 	 0.092978 	 0.498390 	 0.050997 	 0.001310 	 0.041980
2.950000 	 0.497547 	 0.095106 	 0.498656 	 0.052254 	 0.001109 	 0.042852
2.960000 	 0.498025 	 0.096858 	 0.498927 	 0.053299 	 0.000902 	 0.043559
2.970000 	 0.498511 	 0.098229 	 0.499202 	 0.054130 	 0.000690 	 0.044099
2.980000 	 0.499004 	 0.099211 	 0.499478 	 0.054743 	 0.000474 	 0.044468
2.990000 	 0.499501 	 0.099803 	 0.499755 	 0.055138 	 0.000255 	 0.044664
3.000000 	 0.500000 	 0.100000 	 0.500033 	 0.055314 	 0.000033 	 0.044686
3.010000 	 0.500500 	 0.099803 	 0.500309 	 0.055271 	 0.000191 	 0.044532
3.020000 	 0.500998 	 0.099211 	 0.500583 	 0.055010 	 0.000416 	 0.044202
3.030000 	 0.501493 	 0.098229 	 0.500853 	 0.054532 	 0.000640 	 0.043697
3.040000 	 0.501983 	 0.096858 	 0.501120 	 0.053841 	 0.000863 	 0.043017
3.050000 	 0.502465 	 0.095106 	 0.501380 	 0.052941 	 0.001085 	 0.042165
3.060000 	 0.502938 	 0.092978 	 0.501635 	 0.051835 	 0.001303 	 0.041143
3.070000 	 0.503400 	 0.090483 	 0.501882 	 0.050528 	 0.001518 	 0.039954
3.080000 	 0.503848 	 0.087631 	 0.502120 	 0.049027 	 0.001728 	 0.038603
3.090000 	 0.504282 	 0.084433 	 0.502350 	 0.047339 	 0.001933 	 0.037094
3.100000 	 0.504699 	 0.080902 	 0.502569 	 0.045470 	 0.002131 	 0.035431
3.110000 	 0.505098 	 0.077051 	 0.502777 	 0.043429 	 0.002322 	 0.033622
3.120000 	 0.505477 	 0.072897 	 0.502973 	 0.041225 	 0.002504 	 0.031672
3.130000 	 0.505835 	 0.068455 	 0.503157 	 0.038867 	 0.002678 	 0.029588
3.140000 	 0.506169 	 0.063742 	 0.503327 	 0.036364 	 0.002842 	 0.027379
3.150000 	 0.506480 	 0.058779 	 0.503484 	 0.033727 	 0.002996 	 0.025051
3.160000 	 0.506764 	 0.053583 	 0.503626 	 0.030968 	 0.003138 	 0.022615
3.170000 	 0.507022 	 0.048175 	 0.503753 	 0.028097 	 0.003269 	 0.020079
3.180000 	 0.507252 	 0.042578 	 0.503865 	 0.025126 	 0.003387 	 0.017452
3.190000 	 0.507454 	 0.036812 	 0.503961 	 0.022068 	 0.003493 	 0.014745
3.200000 	 0.507626 	 0.030902 	 0.504041 	 0.018934 	 0.003585 	 0.011968
3.210000 	 0.507767 	 0.024869 	 0.504105 	 0.015738 	 0.003663 	 0.009131
3.220000 	 0.507878 	 0.018738 	 0.504152 	 0.012492 	 0.003727 	 0.006246
3.230000 	 0.507958 	 0.012533 	 0.504182 	 0.009210 	 0.003776 	 0.003324
3.240000 	 0.508005 	 0.006279 	 0.504195 	 0.005903 	 0.003810 	 0.000376
3.250000 	 0.508021 	 -0.000000 	 0.504192 	 0.002587 	 0.003830 	 0.002587
3.260000 	 0.508005 	 -0.006279 	 0.504172 	 -0.000727 	 0.003834 	 0.005552
3.270000 	 0.507958 	 -0.012533 	 0.504135 	 -0.004026 	 0.003823 	 0.008508
3.280000 	 0.507878 	 -0.018738 	 0.504082 	 -0.007295 	 0.003796 	 0.011443
3.290000 	 0.507767 	 -0.024869 	 0.504013 	 -0.010523 	 0.003755 	 0.014346
3.300000 	 0.507626 	 -0.030902 	 0.503928 	 -0.013697 	 0.003698 	 0.017205
3.310000 	 0.507454 	 -0.036812 	 0.503828 	 -0.016805 	 0.003626 	 0.020008
3.320000 	 0.507252 	 -0.042578 	 0.503713 	 -0.019834 	 0.003539 	 0.022744
3.330000 	 0.507022 	 -0.048175 	 0.503584 	 -0.022773 	 0.003439 	 0.025402
3.340000 	 0.506764 	 -0.053583 	 0.503441 	 -0.025611 	 0.003324 	 0.027972
3.350000 	 0.506480 	 -0.058779 	 0.503285 	 -0.028336 	 0.003195 	 0.030442
3.360000 	 0.506169 	 -0.063742 	 0.503116 	 -0.030939 	 0.003053 	 0.032803
3.370000 	 0.505835 	 -0.068455 	 0.502936 	 -0.033410 	 0.002899 	 0.035044
3.380000 	 0.505477 	 -0.072897 	 0.502744 	 -0.035740 	 0.002733 	 0.037157
3.390000 	 0.505098 	 -0.077051 	 0.502543 	 -0.037919 	 0.002556 	 0.039133
3.400000 	 0.504699 	 -0.080902 	 0.502332 	 -0.039940 	 0.002367 	 0.040962
3.410000 	 0.504282 	 -0.084433 	 0.502113 	 -0.041795 	 0.002169 	 0.042638
3.420000 	 0.503848 	 -0.087631 	 0.501886 	 -0.043478 	 0.001962 	 0.044153
3.430000 	 0.503400 	 -0.090483 	 0.501653 	 -0.044983 	 0.001747 	 0.045500
3.440000 	 0.502938 	 -0.092978 	 0.501414 	 -0.046304 	 0.001524 	 0.046673
3.450000 	 0.502465 	 -0.095106 	 0.501170 	 -0.047438 	 0.001295 	 0.047668
3.460000 	 0.501983 	 -0.096858 	 0.500923 	 -0.048379 	 0.001060 	 0.048479
3.470000 	 0.501493 	 -0.098229 	 0.500673 	 -0.049126 	 0.000820 	 0.049103
3.480000 	 0.500998 	 -0.099211 	 0.500422 	 -0.049676 	 0.000576 	 0.049535
3.490000 	 0.500500 	 -0.099803 	 0.500170 	 -0.050028 	 0.000330 	 0.049775
3.500000 	 0.500000 	 -0.100000 	 0.499918 	 -0.050181 	 0.000082 	 0.049819
3.510000 	 0.499501 	 -0.099803 	 0.499668 	 -0.050135 	 0.000167 	 0.049667
3.520000 	 0.499004 	 -0.099211 	 0.499420 	 -0.049892 	 0.000416 	 0.049320
3.530000 	 0.498511 	 -0.098229 	 0.499175 	 -0.049452 	 0.000664 	 0.048777
3.540000 	 0.498025 	 -0.096858 	 0.498934 	 -0.048819 	 0.000909 	 0.048039
3.550000 	 0.497547 	 -0.095106 	 0.498699 	 -0.047996 	 0.001152 	 0.047110
3.560000 	 0.497079 	 -0.092978 	 0.498470 	 -0.046986 	 0.001391 	 0.045991
3.570000 	 0.496623 	 -0.090483 	 0.498247 	 -0.045795 	 0.001624 	 0.044687
3.580000 	 0.496181 	 -0.087631 	 0.498033 	 -0.044428 	 0.001852 	 0.043202
3.590000 	 0.495754 	 -0.084433 	 0.497827 	 -0.042891 	 0.002073 	 0.041541
3.600000 	 0.495344 	 -0.080902 	 0.497631 	 -0.041191 	 0.002286 	 0.039710
3.610000 	 0.494953 	 -0.077051 	 0.497444 	 -0.039335 	 0.002491 	 0.037716
3.620000 	 0.494582 	 -0.072897 	 0.497268 	 -0.037331 	 0.002686 	 0.035566
3.630000 	 0.494233 	 -0.068455 	 0.497104 	 -0.035188 	 0.002872 	 0.033267
3.640000 	 0.493906 	 -0.063742 	 0.496952 	 -0.032914 	 0.003046 	 0.030828
3.650000 	 0.493603 	 -0.058779 	 0.496812 	 -0.030520 	 0.003209 	 0.028259
3.660000 	 0.493326 	 -0.053583 	 0.496686 	 -0.028014 	 0.003360 	 0.025568
3.670000 	 0.493075 	 -0.048175 	 0.496573 	 -0.025408 	 0.003498 	 0.022767
3.680000 	 0.492851 	 -0.042578 	 0.496474 	 -0.022712 	 0.003622 	 0.019866
3.690000 	 0.492656 	 -0.036812 	 0.496389 	 -0.019937 	 0.003733 	 0.016875
3.700000 	 0.492489 	 -0.030902 	 0.496318 	 -0.017095 	 0.003829 	 0.013807
3.710000 	 0.492351 	 -0.024869 	 0.496262 	 -0.014197 	 0.003911 	 0.010672
3.720000 	 0.492244 	 -0.018738 	 0.496221 	 -0.011254 	 0.003977 	 0.007484
3.730000 	 0.492167 	 -0.012533 	 0.496195 	 -0.008278 	 0.004028 	 0.004255
3.740000 	 0.492121 	 -0.006279 	 0.496184 	 -0.005282 	 0.004063 	 0.000997
3.750000 	 0.492105 	 -0.000000 	 0.496188 	 -0.002277 	 0.004083 	 0.002277
3.760000 	 0.492121 	 0.006279 	 0.496207 	 0.000725 	 0.004086 	 0.005554
3.770000 	 0.492167 	 0.012533 	 0.496240 	 0.003713 	 0.004073 	 0.008821
3.780000 	 0.492244 	 0.018738 	 0.496288 	 0.006673 	 0.004044 	 0.012065
3.790000 	 0.492351 	 0.024869 	 0.496350 	 0.009596 	 0.003999 	 0.015273
3.800000 	 0.492489 	 0.030902 	 0.496427 	 0.012468 	 0.003938 	 0.018433
3.810000 	 0.492656 	 0.036812 	 0.496517 	 0.015280 	 0.003861 	 0.021532
3.820000 	 0.492851 	 0.042578 	 0.496620 	 0.018021 	 0.003769 	 0.024557
3.830000 	 0.493075 	 0.048175 	 0.496736 	 0.020679 	 0.003661 	 0.027496
3.840000 	 0.493326 	 0.053583 	 0.496864 	 0.023245 	 0.003538 	 0.030337
3.850000 	 0.493603 	 0.058779 	 0.497005 	 0.025709 	 0.003401 	 0.033069
3.860000 	 0.493906 	 0.063742 	 0.497156 	 0.028062 	 0.003250 	 0.035680
3.870000 	 0.494233 	 0.068455 	 0.497318 	 0.030294 	 0.003085 	 0.038160
3.880000 	 0.494582 	 0.072897 	 0.497489 	 0.032398 	 0.002907 	 0.040498
3.890000 	 0.494953 	 0.077051 	 0.497670 	 0.034366 	 0.002717 	 0.042685
3.900000 	 0.495344 	 0.080902 	 0.497860 	 0.036190 	 0.002515 	 0.044711
3.910000 	 0.495754 	 0.084433 	 0.498057 	 0.037864 	 0.002302 	 0.046568
3.920000 	 0.496181 	 0.087631 	 0.498260 	 0.039382 	 0.002079 	 0.048248
3.930000 	 0.496623 	 0.090483 	 0.498470 	 0.040739 	 0.001847 	 0.049744
3.940000 	 0.497079 	 0.092978 	 0.498685 	 0.041929 	 0.001606 	 0.051049
3.950000 	 0.497547 	 0.095106 	 0.498904 	 0.042949 	 0.001357 	 0.052157
3.960000 	 0.498025 	 0.096858 	 0.499127 	 0.043795 	 0.001102 	 0.053063
3.970000 	 0.498511 	 0.098229 	 0.499352 	 0.044465 	 0.000841 	 0.053764
3.980000 	 0.499004 	 0.099211 	 0.499579 	 0.044957 	 0.000576 	 0.054255
3.990000 	 0.499501 	 0.099803 	 0.499807 	 0.045269 	 0.000306 	 0.054533
4.000000 	 0.500000 	 0.100000 	 0.500035 	 0.045402 	 0.000035 	 0.054598
4.010000 	 0.500500 	 0.099803 	 0.500261 	 0.045354 	 0.000239 	 0.054448
4.020000 	 0.500998 	 0.099211 	 0.500486 	 0.045128 	 0.000513 	 0.054083
4.030000 	 0.501493 	 0.098229 	 0.500708 	 0.044725 	 0.000786 	 0.053504
4.040000 	 0.501983 	 0.096858 	 0.500926 	 0.044146 	 0.001057 	 0.052712
4.050000 	 0.502465 	 0.095106 	 0.501139 	 0.043396 	 0.001326 	 0.051710
4.060000 	 0.502938 	 0.092978 	 0.501348 	 0.042477 	 0.001590 	 0.050500
4.070000 	 0.503400 	 0.090483 	 0.501550 	 0.041394 	 0.001850 	 0.049088
4.080000 	 0.503848 	 0.087631 	 0.501745 	 0.040152 	 0.002103 	 0.047478
4.090000 	 0.504282 	 0.084433 	 0.501933 	 0.038757 	 0.002350 	 0.045676
4.100000 	 0.504699 	 0.080902 	 0.502112 	 0.037213 	 0.002588 	 0.043688
4.110000 	 0.505098 	 0.077051 	 0.502282 	 0.035529 	 0.002817 	 0.041522
4.120000 	 0.505477 	 0.072897 	 0.502442 	 0.033712 	 0.003035 	 0.039185
4.130000 	 0.505835 	 0.068455 	 0.502592 	 0.031768 	 0.003243 	 0.036687
4.140000 	 0.506169 	 0.063742 	 0.502731 	 0.029706 	 0.003438 	 0.034036
4.150000 	 0.506480 	 0.058779 	 0.502859 	 0.027536 	 0.003621 	 0.031243
4.160000 	 0.506764 	 0.053583 	 0.502974 	 0.025265 	 0.003790 	 0.028318
4.170000 	 0.507022 	 0.048175 	 0.503078 	 0.022903 	 0.003945 	 0.025273
4.180000 	 0.507252 	 0.042578 	 0.503169 	 0.020460 	 0.004084 	 0.022118
4.190000 	 0.507454 	 0.036812 	 0.503246 	 0.017945 	 0.004208 	 0.018867
4.200000 	 0.507626 	 0.030902 	 0.503311 	 0.015370 	 0.004315 	 0.015532
4.210000 	 0.507767 	 0.024869 	 0.503362 	 0.012744 	 0.004405 	 0.012125
4.220000 	 0.507878 	 0.018738 	 0.503399 	 0.010078 	 0.004479 	 0.008660
4.230000 	 0.507958 	 0.012533 	 0.503423 	 0.007382 	 0.004534 	 0.005151
4.240000 	 0.508005 	 0.006279 	 0.503433 	 0.004668 	 0.004572 	 0.001611
4.250000 	 0.508021 	 -0.000000 	 0.503430 	 0.001946 	 0.004592 	 0.001946
4.260000 	 0.508005 	 -0.006279 	 0.503412 	 -0.000773 	 0.004593 	 0.005506
4.270000 	 0.507958 	 -0.012533 	 0.503381 	 -0.003478 	 0.004576 	 0.009055
4.280000 	 0.507878 	 -0.018738 	 0.503337 	 -0.006159 	 0.004541 	 0.012579
4.290000 	 0.507767 	 -0.024869 	 0.503279 	 -0.008806 	 0.004488 	 0.016063
4.300000 	 0.507626 	 -0.030902 	 0.503209 	 -0.011407 	 0.004417 	 0.019495
4.310000 	 0.507454 	 -0.036812 	 0.503126 	 -0.013953 	 0.004328 	 0.022859
4.320000 	 0.507252 	 -0.042578 	 0.503031 	 -0.016434 	 0.004221 	 0.026143
4.330000 	 0.507022 	 -0.048175 	 0.502924 	 -0.018841 	 0.004098 	 0.029334
4.340000 	 0.506764 	 -0.053583 	 0.502807 	 -0.021164 	 0.003958 	 0.032419
4.350000 	 0.506480 	 -0.058779 	 0.502678 	 -0.023394 	 0.003802 	 0.035384
4.360000 	 0.506169 	 -0.063742 	 0.502539 	 -0.025523 	 0.003630 	 0.038219
4.370000 	 0.505835 	 -0.068455 	 0.502390 	 -0.027543 	 0.003444 	 0.040911
4.380000 	 0.505477 	 -0.072897 	 0.502233 	 -0.029447 	 0.003244 	 0.043450
4.390000 	 0.505098 	 -0.077051 	 0.502067 	 -0.031227 	 0.003031 	 0.045825
4.400000 	 0.504699 	 -0.080902 	 0.501894 	 -0.032876 	 0.002805 	 0.048026
4.410000 	 0.504282 	 -0.084433 	 0.501714 	 -0.034389 	 0.002568 	 0.050043
4.420000 	 0.503848 	 -0.087631 	 0.501528 	 -0.035761 	 0.002321 	 0.051870
4.430000 	 0.503400 	 -0.090483 	 0.501336 	 -0.036986 	 0.002064 	 0.053497
4.440000 	 0.502938 	 -0.092978 	 0.501140 	 -0.038060 	 0.001798 	 0.054918
4.450000 	 0.502465 	 -0.095106 	 0.500940 	 -0.038980 	 0.001525 	 0.056126
4.460000 	 0.501983 	 -0.096858 	 0.500737 	 -0.039742 	 0.001246 	 0.057116
4.470000 	 0.501493 	 -0.098229 	 0.500532 	 -0.040344 	 0.000961 	 0.057884
4.480000 	 0.500998 	 -0.099211 	 0.500326 	 -0.040785 	 0.000673 	 0.058426
4.490000 	 0.500500 	 -0.099803 	 0.500119 	 -0.041063 	 0.000381 	 0.058740
4.500000 	 0.500000 	 -0.100000 	 0.499912 	 -0.041178 	 0.000088 	 0.058822
4.510000 	 0.499501 	 -0.099803 	 0.499707 	 -0.041129 	 0.000206 	 0.058673
4.520000 	 0.499004 	 -0.099211 	 0.499504 	 -0.040919 	 0.000500 	 0.058293
4.530000 	 0.498511 	 -0.098229 	 0.499303 	 -0.040548 	 0.000792 	 0.057681
4.540000 	 0.498025 	 -0.096858 	 0.499106 	 -0.040018 	 0.001081 	 0.056840
4.550000 	 0.497547 	 -0.095106 	 0.498913 	 -0.039332 	 0.001366 	 0.055773
4.560000 	 0.497079 	 -0.092978 	 0.498725 	 -0.038494 	 0.001646 	 0.054484
4.570000 	 0.496623 	 -0.090483 	 0.498543 	 -0.037507 	 0.001920 	 0.052976
4.580000 	 0.496181 	 -0.087631 	 0.498367 	 -0.036376 	 0.002186 	 0.051255
4.590000 	 0.495754 	 -0.084433 	 0.498199 	 -0.035106 	 0.002444 	 0.049327
4.600000 	 0.495344 	 -0.080902 	 0.498038 	 -0.033702 	 0.002693 	 0.047199
4.610000 	 0.494953 	 -0.077051 	 0.497885 	 -0.032171 	 0.002932 	 0.044880
4.620000 	 0.494582 	 -0.072897 	 0.497742 	 -0.030519 	 0.003159 	 0.042378
4.630000 	 0.494233 	 -0.068455 	 0.497607 	 -0.028753 	 0.003375 	 0.039702
4.640000 	 0.493906 	 -0.063742 	 0.497483 	 -0.026881 	 0.003577 	 0.036862
4.650000 	 0.493603 	 -0.058779 	 0.497369 	 -0.024909 	 0.003766 	 0.033869
4.660000 	 0.493326 	 -0.053583 	 0.497266 	 -0.022848 	 0.003940 	 0.030735
4.670000 	 0.493075 	 -0.048175 	 0.497174 	 -0.020704 	 0.004099 	 0.027471
4.680000 	 0.492851 	 -0.042578 	 0.497093 	 -0.018487 	 0.004242 	 0.024090
4.690000 	 0.492656 	 -0.036812 	 0.497024 	 -0.016207 	 0.004368 	 0.020606
4.700000 	 0.492489 	 -0.030902 	 0.496966 	 -0.013871 	 0.004478 	 0.017031
4.710000 	 0.492351 	 -0.024869 	 0.496921 	 -0.011490 	 0.004570 	 0.013379
4.720000 	 0.492244 	 -0.018738 	 0.496888 	 -0.009073 	 0.004644 	 0.009666
4.730000 	 0.492167 	 -0.012533 	 0.496868 	 -0.006629 	 0.004701 	 0.005904
4.740000 	 0.492121 	 -0.006279 	 0.496859 	 -0.004170 	 0.004739 	 0.002109
4.750000 	 0.492105 	 -0.000000 	 0.496863 	 -0.001704 	 0.004758 	 0.001704
4.760000 	 0.492121 	 0.006279 	 0.496880 	 0.000760 	 0.004759 	 0.005520
4.770000 	 0.492167 	 0.012533 	 0.496908 	 0.003210 	 0.004741 	 0.009324
4.780000 	 0.492244 	 0.018738 	 0.496948 	 0.005638 	 0.004704 	 0.013101
4.790000 	 0.492351 	 0.024869 	 0.497000 	 0.008033 	 0.004649 	 0.016836
4.800000 	 0.492489 	 0.030902 	 0.497063 	 0.010388 	 0.004575 	 0.020514
4.810000 	 0.492656 	 0.036812 	 0.497138 	 0.012692 	 0.004483 	 0.024120
4.820000 	 0.492851 	 0.042578 	 0.497224 	 0.014937 	 0.004372 	 0.027641
4.830000 	 0.493075 	 0.048175 	 0.497320 	 0.017114 	 0.004245 	 0.031062
4.840000 	 0.493326 	 0.053583 	 0.497426 	 0.019214 	 0.004100 	 0.034368
4.850000 	 0.493603 	 0.058779 	 0.497542 	 0.021231 	 0.003938 	 0.037548
4.860000 	 0.493906 	 0.063742 	 0.497666 	 0.023155 	 0.003761 	 0.040587
4.870000 	 0.494233 	 0.068455 	 0.497800 	 0.024981 	 0.003567 	 0.043474
4.880000 	 0.494582 	 0.072897 	 0.497942 	 0.026700 	 0.003359 	 0.046197
4.890000 	 0.494953 	 0.077051 	 0.498091 	 0.028308 	 0.003137 	 0.048744
4.900000 	 0.495344 	 0.080902 	 0.498246 	 0.029797 	 0.002902 	 0.051105
4.910000 	 0.495754 	 0.084433 	 0.498409 	 0.031162 	 0.002654 	 0.053271
4.920000 	 0.496181 	 0.087631 	 0.498576 	 0.032399 	 0.002395 	 0.055231
4.930000 	 0.496623 	 0.090483 	 0.498749 	 0.033504 	 0.002126 	 0.056979
4.940000 	 0.497079 	 0.092978 	 0.498926 	 0.034471 	 0.001846 	 0.058506
4.950000 	 0.497547 	 0.095106 	 0.499106 	 0.035299 	 0.001559 	 0.059807
4.960000 	 0.498025 	 0.096858 	 0.499289 	 0.035984 	 0.001264 	 0.060874
4.970000 	 0.498511 	 0.098229 	 0.499474 	 0.036524 	 0.000963 	 0.061704
4.980000 	 0.499004 	 0.099211 	 0.499660 	 0.036918 	 0.000657 	 0.062293
4.990000 	 0.499501 	 0.099803 	 0.499847 	 0.037165 	 0.000347 	 0.062638
5.000000 	 0.500000 	 0.100000 	 0.500034 	 0.037264 	 0.000034 	 0.062736
5.010000 	 0.500500 	 0.099803 	 0.500220 	 0.037216 	 0.000280 	 0.062587
5.020000 	 0.500998 	 0.099211 	 0.500404 	 0.037020 	 0.000594 	 0.062191
5.030000 	 0.501493 	 0.098229 	 0.500586 	 0.036680 	 0.000907 	 0.061549
5.040000 	 0.501983 	 0.096858 	 0.500765 	 0.036196 	 0.001218 	 0.060663
5.050000 	 0.502465 	 0.095106 	 0.500940 	 0.035571 	 0.001525 	 0.059535
5.060000 	 0.502938 	 0.092978 	 0.501110 	 0.034807 	 0.001828 	 0.058170
5.070000 	 0.503400 	 0.090483 	 0.501276 	 0.033910 	 0.002124 	 0.056573
5.080000 	 0.503848 	 0.087631 	 0.501435 	 0.032882 	 0.002413 	 0.054748
5.090000 	 0.504282 	 0.084433 	 0.501589 	 0.031729 	 0.002693 	 0.052704
5.100000 	 0.504699 	 0.080902 	 0.501735 	 0.030454 	 0.002964 	 0.050447
5.110000 	 0.505098 	 0.077051 	 0.501874 	 0.029065 	 0.003224 	 0.047987
5.120000 	 0.505477 	 0.072897 	 0.502005 	 0.027566 	 0.003472 	 0.045331
5.130000 	 0.505835 	 0.068455 	 0.502127 	 0.025964 	 0.003707 	 0.042491
5.140000 	 0.506169 	 0.063742 	 0.502241 	 0.024266 	 0.003929 	 0.039476
5.150000 	 0.506480 	 0.058779 	 0.502345 	 0.022479 	 0.004135 	 0.036300
5.160000 	 0.506764 	 0.053583 	 0.502439 	 0.020610 	 0.004325 	 0.032973
5.170000 	 0.507022 	 0.048175 	 0.502523 	 0.018667 	 0.004499 	 0.029508
5.180000 	 0.507252 	 0.042578 	 0.502597 	 0.016658 	 0.004656 	 0.025920
5.190000 	 0.507454 	 0.036812 	 0.502660 	 0.014591 	 0.004794 	 0.022221
5.200000 	 0.507626 	 0.030902 	 0.502712 	 0.012474 	 0.004914 	 0.018427
5.210000 	 0.507767 	 0.024869 	 0.502753 	 0.010317 	 0.005014 	 0.014552
5.220000 	 0.507878 	 0.018738 	 0.502783 	 0.008127 	 0.005095 	 0.010611
5.230000 	 0.507958 	 0.012533 	 0.502802 	 0.005914 	 0.005156 	 0.006620
5.240000 	 0.508005 	 0.006279 	 0.502809 	 0.003686 	 0.005196 	 0.002593
5.250000 	 0.508021 	 -0.000000 	 0.502805 	 0.001452 	 0.005216 	 0.001452
5.260000 	 0.508005 	 -0.006279 	 0.502790 	 -0.000779 	 0.005215 	 0.005500
5.270000 	 0.507958 	 -0.012533 	 0.502764 	 -0.002998 	 0.005193 	 0.009535
5.280000 	 0.507878 	 -0.018738 	 0.502727 	 -0.005197 	 0.005151 	 0.013541
5.290000 	 0.507767 	 -0.024869 	 0.502679 	 -0.007366 	 0.005088 	 0.017503
5.300000 	 0.507626 	 -0.030902 	 0.502621 	 -0.009498 	 0.005005 	 0.021403
5.310000 	 0.507454 	 -0.036812 	 0.502553 	 -0.011584 	 0.004901 	 0.025228
5.320000 	 0.507252 	 -0.042578 	 0.502474 	 -0.013617 	 0.004778 	 0.028961
5.330000 	 0.507022 	 -0.048175 	 0.502386 	 -0.015587 	 0.004636 	 0.032588
5.340000 	 0.506764 	 -0.053583 	 0.502289 	 -0.017489 	 0.004476 	 0.036094
5.350000 	 0.506480 	 -0.058779 	 0.502182 	 -0.019313 	 0.004297 	 0.039465
5.360000 	 0.506169 	 -0.063742 	 0.502068 	 -0.021055 	 0.004101 	 0.042688
5.370000 	 0.505835 	 -0.068455 	 0.501946 	 -0.022706 	 0.003889 	 0.045748
5.380000 	 0.505477 	 -0.072897 	 0.501816 	 -0.024262 	 0.003661 	 0.048635
5.390000 	 0.505098 	 -0.077051 	 0.501680 	 -0.025715 	 0.003418 	 0.051336
5.400000 	 0.504699 	 -0.080902 	 0.501538 	 -0.027062 	 0.003162 	 0.053840
5.410000 	 0.504282 	 -0.084433 	 0.501389 	 -0.028296 	 0.002893 	 0.056137
5.420000 	 0.503848 	 -0.087631 	 0.501236 	 -0.029414 	 0.002612 	 0.058217
5.430000 	 0.503400 	 -0.090483 	 0.501079 	 -0.030411 	 0.002321 	 0.060072
5.440000 	 0.502938 	 -0.092978 	 0.500918 	 -0.031284 	 0.002020 	 0.061694
5.450000 	 0.502465 	 -0.095106 	 0.500754 	 -0.032030 	 0.001711 	 0.063076
5.460000 	 0.501983 	 -0.096858 	 0.500587 	 -0.032647 	 0.001396 	 0.064211
5.470000 	 0.501493 	 -0.098229 	 0.500419 	 -0.033133 	 0.001074 	 0.065096
5.480000 	 0.500998 	 -0.099211 	 0.500250 	 -0.033485 	 0.000749 	 0.065726
5.490000 	 0.500500 	 -0.099803 	 0.500080 	 -0.033705 	 0.000420 	 0.066098
5.500000 	 0.500000 	 -0.100000 	 0.499910 	 -0.033790 	 0.000090 	 0.066210
5.510000 	 0.499501 	 -0.099803 	 0.499742 	 -0.033742 	 0.000241 	 0.066061
5.520000 	 0.499004 	 -0.099211 	 0.499575 	 -0.033560 	 0.000572 	 0.065651
5.530000 	 0.498511 	 -0.098229 	 0.499411 	 -0.033247 	 0.000900 	 0.064982
5.540000 	 0.498025 	 -0.096858 	 0.499249 	 -0.032804 	 0.001224 	 0.064055
5.550000 	 0.497547 	 -0.095106 	 0.499091 	 -0.032233 	 0.001544 	 0.062873
5.560000 	 0.497079 	 -0.092978 	 0.498937 	 -0.031537 	 0.001858 	 0.061441
5.570000 	 0.496623 	 -0.090483 	 0.498788 	 -0.030719 	 0.002165 	 0.059764
5.580000 	 0.496181 	 -0.087631 	 0.498644 	 -0.029783 	 0.002463 	 0.057847
5.590000 	 0.495754 	 -0.084433 	 0.498506 	 -0.028734 	 0.002752 	 0.055699
5.600000 	 0.495344 	 -0.080902 	 0.498374 	 -0.027575 	 0.003030 	 0.053327
5.610000 	 0.494953 	 -0.077051 	 0.498250 	 -0.026312 	 0.003296 	 0.050740
5.620000 	 0.494582 	 -0.072897 	 0.498132 	 -0.024950 	 0.003550 	 0.047947
5.630000 	 0.494233 	 -0.068455 	 0.498022 	 -0.023495 	 0.003790 	 0.044960
5.640000 	 0.493906 	 -0.063742 	 0.497921 	 -0.021953 	 0.004015 	 0.041790
5.650000 	 0.493603 	 -0.058779 	 0.497828 	 -0.020330 	 0.004224 	 0.038448
5.660000 	 0.493326 	 -0.053583 	 0.497743 	 -0.018634 	 0.004417 	 0.034949
5.670000 	 0.493075 	 -0.048175 	 0.497668 	 -0.016871 	 0.004593 	 0.031305
5.680000 	 0.492851 	 -0.042578 	 0.497603 	 -0.015048 	 0.004751 	 0.027530
5.690000 	 0.492656 	 -0.036812 	 0.497547 	 -0.013173 	 0.004891 	 0.023640
5.700000 	 0.492489 	 -0.030902 	 0.497500 	 -0.011253 	 0.005011 	 0.019648
5.710000 	 0.492351 	 -0.024869 	 0.497464 	 -0.009297 	 0.005112 	 0.015572
5.720000 	 0.492244 	 -0.018738 	 0.497437 	 -0.007312 	 0.005193 	 0.011426
5.730000 	 0.492167 	 -0.012533 	 0.497421 	 -0.005306 	 0.005254 	 0.007227
5.740000 	 0.492121 	 -0.006279 	 0.497415 	 -0.003287 	 0.005294 	 0.002992
5.750000 	 0.492105 	 -0.000000 	 0.497419 	 -0.001263 	 0.005313 	 0.001263
5.760000 	 0.492121 	 0.006279 	 0.497433 	 0.000758 	 0.005312 	 0.005521
5.770000 	 0.492167 	 0.012533 	 0.497457 	 0.002767 	 0.005290 	 0.009766
5.780000 	 0.492244 	 0.018738 	 0.497490 	 0.004758 	 0.005246 	 0.013980
5.790000 	 0.492351 	 0.024869 	 0.497533 	 0.006722 	 0.005182 	 0.018147
5.800000 	 0.492489 	 0.030902 	 0.497586 	 0.008652 	 0.005098 	 0.022250
5.810000 	 0.492656 	 0.036812 	 0.497648 	 0.010540 	 0.004993 	 0.026272
5.820000 	 0.492851 	 0.042578 	 0.497719 	 0.012379 	 0.004868 	 0.030199
5.830000 	 0.493075 	 0.048175 	 0.497798 	 0.014161 	 0.004723 	 0.034014
5.840000 	 0.493326 	 0.053583 	 0.497886 	 0.015881 	 0.004560 	 0.037702
5.850000 	 0.493603 	 0.058779 	 0.497982 	 0.017531 	 0.004378 	 0.041248
5.860000 	 0.493906 	 0.063742 	 0.498085 	 0.019105 	 0.004179 	 0.044637
5.870000 	 0.494233 	 0.068455 	 0.498195 	 0.020598 	 0.003962 	 0.047857
5.880000 	 0.494582 	 0.072897 	 0.498312 	 0.022003 	 0.003729 	 0.050894
5.890000 	 0.494953 	 0.077051 	 0.498434 	 0.023316 	 0.003481 	 0.053736
5.900000 	 0.495344 	 0.080902 	 0.498563 	 0.024531 	 0.003218 	 0.056370
5.910000 	 0.495754 	 0.084433 	 0.498696 	 0.025645 	 0.002942 	 0.058788
5.920000 	 0.496181 	 0.087631 	 0.498834 	 0.026654 	 0.002653 	 0.060977
5.930000 	 0.496623 	 0.090483 	 0.498976 	 0.027553 	 0.002353 	 0.062930
5.940000 	 0.497079 	 0.092978 	 0.499121 	 0.028339 	 0.002042 	 0.064638
5.950000 	 0.497547 	 0.095106 	 0.499270 	 0.029011 	 0.001723 	 0.066095
5.960000 	 0.498025 	 0.096858 	 0.499420 	 0.029565 	 0.001395 	 0.067293
5.970000 	 0.498511 	 0.098229 	 0.499572 	 0.030001 	 0.001061 	 0.068228
5.980000 	 0.499004 	 0.099211 	 0.499725 	 0.030316 	 0.000721 	 0.068895
5.990000 	 0.499501 	 0.099803 	 0.499878 	 0.030511 	 0.000378 	 0.069292
6.000000 	 0.500000 	 0.100000 	 0.500032 	 0.030584 	 0.000032 	 0.069416
6.010000 	 0.500500 	 0.099803 	 0.500184 	 0.030536 	 0.000316 	 0.069266
6.020000 	 0.500998 	 0.099211 	 0.500335 	 0.030368 	 0.000663 	 0.068843
6.030000 	 0.501493 	 0.098229 	 0.500484 	 0.030081 	 0.001009 	 0.068148
6.040000 	 0.501983 	 0.096858 	 0.500631 	 0.029676 	 0.001352 	 0.067183
6.050000 	 0.502465 	 0.095106 	 0.500774 	 0.029155 	 0.001691 	 0.065950
6.060000 	 0.502938 	 0.092978 	 0.500914 	 0.028522 	 0.002024 	 0.064456
6.070000 	 0.503400 	 0.090483 	 0.501049 	 0.027778 	 0.002351 	 0.062705
6.080000 	 0.503848 	 0.087631 	 0.501180 	 0.026927 	 0.002669 	 0.060703
6.090000 	 0.504282 	 0.084433 	 0.501305 	 0.025974 	 0.002977 	 0.058459
6.100000 	 0.504699 	 0.080902 	 0.501425 	 0.024922 	 0.003274 	 0.055980
6.110000 	 0.505098 	 0.077051 	 0.501538 	 0.023775 	 0.003560 	 0.053276
6.120000 	 0.505477 	 0.072897 	 0.501645 	 0.022540 	 0.003832 	 0.050357
6.130000 	 0.505835 	 0.068455 	 0.501745 	 0.021220 	 0.004090 	 0.047235
6.140000 	 0.506169 	 0.063742 	 0.501838 	 0.019821 	 0.004332 	 0.043921
6.150000 	 0.506480 	 0.058779 	 0.501922 	 0.018350 	 0.004557 	 0.040429
6.160000 	 0.506764 	 0.053583 	 0.501999 	 0.016812 	 0.004765 	 0.036771
6.170000 	 0.507022 	 0.048175 	 0.502068 	 0.015213 	 0.004955 	 0.032962
6.180000 	 0.507252 	 0.042578 	 0.502127 	 0.013561 	 0.005125 	 0.029017
6.190000 	 0.507454 	 0.036812 	 0.502179 	 0.011862 	 0.005275 	 0.024950
6.200000 	 0.507626 	 0.030902 	 0.502221 	 0.010123 	 0.005405 	 0.020779
6.210000 	 0.507767 	 0.024869 	 0.502254 	 0.008350 	 0.005514 	 0.016519
6.220000 	 0.507878 	 0.018738 	 0.502278 	 0.006552 	 0.005600 	 0.012187
6.230000 	 0.507958 	 0.012533 	 0.502293 	 0.004734 	 0.005665 	 0.007799
6.240000 	 0.508005 	 0.006279 	 0.502298 	 0.002905 	 0.005707 	 0.003374
6.250000 	 0.508021 	 -0.000000 	 0.502294 	 0.001072 	 0.005727 	 0.001072
6.260000 	 0.508005 	 -0.006279 	 0.502281 	 -0.000758 	 0.005724 	 0.005521
6.270000 	 0.507958 	 -0.012533 	 0.502259 	 -0.002579 	 0.005698 	 0.009955
6.280000 	 0.507878 	 -0.018738 	 0.502228 	 -0.004381 	 0.005650 	 0.014357
6.290000 	 0.507767 	 -0.024869 	 0.502189 	 -0.006160 	 0.005579 	 0.018709
6.300000 	 0.507626 	 -0.030902 	 0.502140 	 -0.007907 	 0.005486 	 0.022994
6.310000 	 0.507454 	 -0.036812 	 0.502083 	 -0.009616 	 0.005371 	 0.027196
6.320000 	 0.507252 	 -0.042578 	 0.502018 	 -0.011281 	 0.005234 	 0.031297
6.330000 	 0.507022 	 -0.048175 	 0.501946 	 -0.012895 	 0.005077 	 0.035281
6.340000 	 0.506764 	 -0.053583 	 0.501865 	 -0.014451 	 0.004899 	 0.039132
6.350000 	 0.506480 	 -0.058779 	 0.501778 	 -0.015944 	 0.004702 	 0.042835
6.360000 	 0.506169 	 -0.063742 	 0.501684 	 -0.017368 	 0.004486 	 0.046374
6.370000 	 0.505835 	 -0.068455 	 0.501583 	 -0.018719 	 0.004252 	 0.049736
6.380000 	 0.505477 	 -0.072897 	 0.501476 	 -0.019989 	 0.004001 	 0.052907
6.390000 	 0.505098 	 -0.077051 	 0.501364 	 -0.021177 	 0.003734 	 0.055875
6.400000 	 0.504699 	 -0.080902 	 0.501247 	 -0.022275 	 0.003452 	 0.058626
6.410000 	 0.504282 	 -0.084433 	 0.501125 	 -0.023282 	 0.003157 	 0.061151
6.420000 	 0.503848 	 -0.087631 	 0.501000 	 -0.024193 	 0.002849 	 0.063438
6.430000 	 0.503400 	 -0.090483 	 0.500870 	 -0.025004 	 0.002529 	 0.065478
6.440000 	 0.502938 	 -0.092978 	 0.500738 	 -0.025714 	 0.002200 	 0.067264
6.450000 	 0.502465 	 -0.095106 	 0.500603 	 -0.026319 	 0.001862 	 0.068786
6.460000 	 0.501983 	 -0.096858 	 0.500466 	 -0.026819 	 0.001516 	 0.070040
6.470000 	 0.501493 	 -0.098229 	 0.500328 	 -0.027210 	 0.001165 	 0.071019
6.480000 	 0.500998 	 -0.099211 	 0.500189 	 -0.027492 	 0.000809 	 0.071719
6.490000 	 0.500500 	 -0.099803 	 0.500050 	 -0.027665 	 0.000450 	 0.072138
6.500000 	 0.500000 	 -0.100000 	 0.499911 	 -0.027728 	 0.000089 	 0.072272
6.510000 	 0.499501 	 -0.099803 	 0.499773 	 -0.027681 	 0.000272 	 0.072122
6.520000 	 0.499004 	 -0.099211 	 0.499636 	 -0.027525 	 0.000633 	 0.071687
6.530000 	 0.498511 	 -0.098229 	 0.499501 	 -0.027261 	 0.000990 	 0.070968
6.540000 	 0.498025 	 -0.096858 	 0.499369 	 -0.026890 	 0.001344 	 0.069968
6.550000 	 0.497547 	 -0.095106 	 0.499239 	 -0.026415 	 0.001692 	 0.068691
6.560000 	 0.497079 	 -0.092978 	 0.499113 	 -0.025837 	 0.002034 	 0.067141
6.570000 	 0.496623 	 -0.090483 	 0.498991 	 -0.025159 	 0.002368 	 0.065323
6.580000 	 0.496181 	 -0.087631 	 0.498873 	 -0.024385 	 0.002692 	 0.063245
6.590000 	 0.495754 	 -0.084433 	 0.498760 	 -0.023518 	 0.003006 	 0.060915
6.600000 	 0.495344 	 -0.080902 	 0.498653 	 -0.022561 	 0.003308 	 0.058340
6.610000 	 0.494953 	 -0.077051 	 0.498550 	 -0.021519 	 0.003597 	 0.055532
6.620000 	 0.494582 	 -0.072897 	 0.498454 	 -0.020397 	 0.003872 	 0.052500
6.630000 	 0.494233 	 -0.068455 	 0.498365 	 -0.019198 	 0.004132 	 0.049257
6.640000 	 0.493906 	 -0.063742 	 0.498282 	 -0.017928 	 0.004376 	 0.045815
6.650000 	 0.493603 	 -0.058779 	 0.498206 	 -0.016592 	 0.004602 	 0.042186
6.660000 	 0.493326 	 -0.053583 	 0.498137 	 -0.015196 	 0.004811 	 0.038386
6.670000 	 0.493075 	 -0.048175 	 0.498076 	 -0.013746 	 0.005001 	 0.034429
6.680000 	 0.492851 	 -0.042578 	 0.498022 	 -0.012247 	 0.005171 	 0.030331
6.690000 	 0.492656 	 -0.036812 	 0.497977 	 -0.010706 	 0.005321 	 0.026106
6.700000 	 0.492489 	 -0.030902 	 0.497939 	 -0.009129 	 0.005451 	 0.021773
6.710000 	 0.492351 	 -0.024869 	 0.497910 	 -0.007522 	 0.005559 	 0.017347
6.720000 	 0.492244 	 -0.018738 	 0.497889 	 -0.005892 	 0.005645 	 0.012847
6.730000 	 0.492167 	 -0.012533 	 0.497876 	 -0.004244 	 0.005709 	 0.008289
6.740000 	 0.492121 	 -0.006279 	 0.497871 	 -0.002587 	 0.005751 	 0.003692
6.750000 	 0.492105 	 -0.000000 	 0.497875 	 -0.000926 	 0.005770 	 0.000926
6.760000 	 0.492121 	 0.006279 	 0.497887 	 0.000732 	 0.005766 	 0.005547
6.770000 	 0.492167 	 0.012533 	 0.497907 	 0.002380 	 0.005740 	 0.010153
6.780000 	 0.492244 	 0.018738 	 0.497935 	 0.004013 	 0.005691 	 0.014725
6.790000 	 0.492351 	 0.024869 	 0.497971 	 0.005623 	 0.005620 	 0.019246
6.800000 	 0.492489 	 0.030902 	 0.498015 	 0.007204 	 0.005527 	 0.023697
6.810000 	 0.492656 	 0.036812 	 0.498067 	 0.008751 	 0.005411 	 0.028061
6.820000 	 0.492851 	 0.042578 	 0.498125 	 0.010257 	 0.005274 	 0.032321
6.830000 	 0.493075 	 0.048175 	 0.498191 	 0.011717 	 0.005116 	 0.036458
6.840000 	 0.493326 	 0.053583 	 0.498263 	 0.013125 	 0.004937 	 0.040458
6.850000 	 0.493603 	 0.058779 	 0.498342 	 0.014475 	 0.004739 	 0.044304
6.860000 	 0.493906 	 0.063742 	 0.498427 	 0.015762 	 0.004521 	 0.047980
6.870000 	 0.494233 	 0.068455 	 0.498518 	 0.016983 	 0.004285 	 0.051472
6.880000 	 0.494582 	 0.072897 	 0.498614 	 0.018131 	 0.004032 	 0.054766
6.890000 	 0.494953 	 0.077051 	 0.498715 	 0.019203 	 0.003762 	 0.057848
6.900000 	 0.495344 	 0.080902 	 0.498821 	 0.020196 	 0.003477 	 0.060706
6.910000 	 0.495754 	 0.084433 	 0.498931 	 0.021104 	 0.003177 	 0.063329
6.920000 	 0.496181 	 0.087631 	 0.499044 	 0.021926 	 0.002863 	 0.065705
6.930000 	 0.496623 	 0.090483 	 0.499161 	 0.022658 	 0.002538 	 0.067825
6.940000 	 0.497079 	 0.092978 	 0.499281 	 0.023297 	 0.002201 	 0.069681
6.950000 	 0.497547 	 0.095106 	 0.499402 	 0.023842 	 0.001855 	 0.071264
6.960000 	 0.498025 	 0.096858 	 0.499526 	 0.024291 	 0.001501 	 0.072568
6.970000 	 0.498511 	 0.098229 	 0.499651 	 0.024642 	 0.001140 	 0.073587
6.980000 	 0.499004 	 0.099211 	 0.499776 	 0.024894 	 0.000773 	 0.074318
6.990000 	 0.499501 	 0.099803 	 0.499902 	 0.025047 	 0.000402 	 0.074756
7.000000 	 0.500000 	 0.100000 	 0.500028 	 0.025101 	 0.000028 	 0.074899
7.010000 	 0.500500 	 0.099803 	 0.500153 	 0.025055 	 0.000347 	 0.074748
7.020000 	 0.500998 	 0.099211 	 0.500277 	 0.024910 	 0.000721 	 0.074301
7.030000 	 0.501493 	 0.098229 	 0.500399 	 0.024668 	 0.001094 	 0.073561
7.040000 	 0.501983 	 0.096858 	 0.500519 	 0.024329 	 0.001464 	 0.072529
7.050000 	 0.502465 	 0.095106 	 0.500637 	 0.023896 	 0.001828 	 0.071210
7.060000 	 0.502938 	 0.092978 	 0.500751 	 0.023370 	 0.002187 	 0.069608
7.070000 	 0.503400 	 0.090483 	 0.500862 	 0.022754 	 0.002538 	 0.067729
7.080000 	 0.503848 	 0.087631 	 0.500969 	 0.022050 	 0.002880 	 0.065580
7.090000 	 0.504282 	 0.084433 	 0.501071 	 0.021262 	 0.003211 	 0.063170
7.100000 	 0.504699 	 0.080902 	 0.501169 	 0.020394 	 0.003530 	 0.060508
7.110000 	 0.505098 	 0.077051 	 0.501262 	 0.019448 	 0.003836 	 0.057604
7.120000 	 0.505477 	 0.072897 	 0.501349 	 0.018429 	 0.004128 	 0.054468
7.130000 	 0.505835 	 0.068455 	 0.501431 	 0.017341 	 0.004404 	 0.051114
7.140000 	 0.506169 	 0.063742 	 0.501506 	 0.016189 	 0.004663 	 0.047553
7.150000 	 0.506480 	 0.058779 	 0.501575 	 0.014978 	 0.004904 	 0.043800
7.160000 	 0.506764 	 0.053583 	 0.501638 	 0.013713 	 0.005126 	 0.039870
7.170000 	 0.507022 	 0.048175 	 0.501693 	 0.012398 	 0.005329 	 0.035778
7.180000 	 0.507252 	 0.042578 	 0.501742 	 0.011039 	 0.005510 	 0.031539
7.190000 	 0.507454 	 0.036812 	 0.501784 	 0.009642 	 0.005670 	 0.027170
7.200000 	 0.507626 	 0.030902 	 0.501818 	 0.008213 	 0.005808 	 0.022689
7.210000 	 0.507767 	 0.024869 	 0.501844 	 0.006757 	 0.005923 	 0.018112
7.220000 	 0.507878 	 0.018738 	 0.501863 	 0.005280 	 0.006015 	 0.013459
7.230000 	 0.507958 	 0.012533 	 0.501875 	 0.003787 	 0.006083 	 0.008746
7.240000 	 0.508005 	 0.006279 	 0.501879 	 0.002286 	 0.006126 	 0.003993
7.250000 	 0.508021 	 -0.000000 	 0.501875 	 0.000781 	 0.006146 	 0.000781
7.260000 	 0.508005 	 -0.006279 	 0.501864 	 -0.000720 	 0.006141 	 0.005559
7.270000 	 0.507958 	 -0.012533 	 0.501846 	 -0.002213 	 0.006112 	 0.010320
7.280000 	 0.507878 	 -0.018738 	 0.501820 	 -0.003692 	 0.006058 	 0.015047
7.290000 	 0.507767 	 -0.024869 	 0.501787 	 -0.005150 	 0.005981 	 0.019719
7.300000 	 0.507626 	 -0.030902 	 0.501747 	 -0.006582 	 0.005879 	 0.024320
7.310000 	 0.507454 	 -0.036812 	 0.501700 	 -0.007982 	 0.005754 	 0.028831
7.320000 	 0.507252 	 -0.042578 	 0.501646 	 -0.009345 	 0.005607 	 0.033233
7.330000 	 0.507022 	 -0.048175 	 0.501586 	 -0.010666 	 0.005436 	 0.037509
7.340000 	 0.506764 	 -0.053583 	 0.501520 	 -0.011940 	 0.005245 	 0.041642
7.350000 	 0.506480 	 -0.058779 	 0.501447 	 -0.013162 	 0.005032 	 0.045617
7.360000 	 0.506169 	 -0.063742 	 0.501370 	 -0.014327 	 0.004799 	 0.049416
7.370000 	 0.505835 	 -0.068455 	 0.501287 	 -0.015431 	 0.004548 	 0.053024
7.380000 	 0.505477 	 -0.072897 	 0.501199 	 -0.016469 	 0.004278 	 0.056428
7.390000 	 0.505098 	 -0.077051 	 0.501107 	 -0.017439 	 0.003991 	 0.059613
7.400000 	 0.504699 	 -0.080902 	 0.501011 	 -0.018335 	 0.003689 	 0.062566
7.410000 	 0.504282 	 -0.084433 	 0.500911 	 -0.019156 	 0.003372 	 0.065276
7.420000 	 0.503848 	 -0.087631 	 0.500807 	 -0.019898 	 0.003041 	 0.067732
7.430000 	 0.503400 	 -0.090483 	 0.500701 	 -0.020559 	 0.002699 	 0.069924
7.440000 	 0.502938 	 -0.092978 	 0.500592 	 -0.021136 	 0.002346 	 0.071842
7.450000 	 0.502465 	 -0.095106 	 0.500481 	 -0.021627 	 0.001984 	 0.073479
7.460000 	 0.501983 	 -0.096858 	 0.500369 	 -0.022031 	 0.001614 	 0.074828
7.470000 	 0.501493 	 -0.098229 	 0.500256 	 -0.022346 	 0.001238 	 0.075883
7.480000 	 0.500998 	 -0.099211 	 0.500142 	 -0.022572 	 0.000857 	 0.076640
7.490000 	 0.500500 	 -0.099803 	 0.500028 	 -0.022707 	 0.000472 	 0.077095
7.500000 	 0.500000 	 -0.100000 	 0.499914 	 -0.022753 	 0.000086 	 0.077247
7.510000 	 0.499501 	 -0.099803 	 0.499800 	 -0.022709 	 0.000300 	 0.077094
7.520000 	 0.499004 	 -0.099211 	 0.499688 	 -0.022575 	 0.000684 	 0.076637
7.530000 	 0.498511 	 -0.098229 	 0.499577 	 -0.022352 	 0.001066 	 0.075877
7.540000 	 0.498025 	 -0.096858 	 0.499469 	 -0.022042 	 0.001444 	 0.074816
7.550000 	 0.497547 	 -0.095106 	 0.499363 	 -0.021647 	 0.001816 	 0.073459
7.560000 	 0.497079 	 -0.092978 	 0.499259 	 -0.021167 	 0.002180 	 0.071811
7.570000 	 0.496623 	 -0.090483 	 0.499159 	 -0.020606 	 0.002536 	 0.069877
7.580000 	 0.496181 	 -0.087631 	 0.499063 	 -0.019966 	 0.002882 	 0.067665
7.590000 	 0.495754 	 -0.084433 	 0.498970 	 -0.019249 	 0.003216 	 0.065184
7.600000 	 0.495344 	 -0.080902 	 0.498882 	 -0.018459 	 0.003538 	 0.062443
7.610000 	 0.494953 	 -0.077051 	 0.498799 	 -0.017600 	 0.003846 	 0.059452
7.620000 	 0.494582 	 -0.072897 	 0.498720 	 -0.016674 	 0.004138 	 0.056223
7.630000 	 0.494233 	 -0.068455 	 0.498647 	 -0.015686 	 0.004414 	 0.052768
7.640000 	 0.493906 	 -0.063742 	 0.498579 	 -0.014641 	 0.004673 	 0.049102
7.650000 	 0.493603 	 -0.058779 	 0.498517 	 -0.013541 	 0.004914 	 0.045237
7.660000 	 0.493326 	 -0.053583 	 0.498461 	 -0.012393 	 0.005135 	 0.041190
7.670000 	 0.493075 	 -0.048175 	 0.498411 	 -0.011200 	 0.005336 	 0.036976
7.680000 	 0.492851 	 -0.042578 	 0.498368 	 -0.009967 	 0.005517 	 0.032610
7.690000 	 0.492656 	 -0.036812 	 0.498331 	 -0.008701 	 0.005675 	 0.028112
7.700000 	 0.492489 	 -0.030902 	 0.498301 	 -0.007405 	 0.005812 	 0.023497
7.710000 	 0.492351 	 -0.024869 	 0.498277 	 -0.006084 	 0.005925 	 0.018785
7.720000 	 0.492244 	 -0.018738 	 0.498260 	 -0.004745 	 0.006016 	 0.013993
7.730000 	 0.492167 	 -0.012533 	 0.498250 	 -0.003393 	 0.006083 	 0.009140
7.740000 	 0.492121 	 -0.006279 	 0.498246 	 -0.002033 	 0.006126 	 0.004246
7.750000 	 0.492105 	 -0.000000 	 0.498250 	 -0.000670 	 0.006145 	 0.000670
7.760000 	 0.492121 	 0.006279 	 0.498260 	 0.000691 	 0.006140 	 0.005588
7.770000 	 0.492167 	 0.012533 	 0.498277 	 0.002043 	 0.006110 	 0.010491
7.780000 	 0.492244 	 0.018738 	 0.498301 	 0.003381 	 0.006057 	 0.015357
7.790000 	 0.492351 	 0.024869 	 0.498331 	 0.004701 	 0.005979 	 0.020168
7.800000 	 0.492489 	 0.030902 	 0.498367 	 0.005997 	 0.005878 	 0.024904
7.810000 	 0.492656 	 0.036812 	 0.498410 	 0.007265 	 0.005754 	 0.029548
7.820000 	 0.492851 	 0.042578 	 0.498458 	 0.008498 	 0.005607 	 0.034079
7.830000 	 0.493075 	 0.048175 	 0.498513 	 0.009694 	 0.005438 	 0.038482
7.840000 	 0.493326 	 0.053583 	 0.498572 	 0.010846 	 0.005246 	 0.042737
7.850000 	 0.493603 	 0.058779 	 0.498638 	 0.011951 	 0.005034 	 0.046828
7.860000 	 0.493906 	 0.063742 	 0.498708 	 0.013004 	 0.004802 	 0.050739
7.870000 	 0.494233 	 0.068455 	 0.498783 	 0.014001 	 0.004550 	 0.054453
7.880000 	 0.494582 	 0.072897 	 0.498862 	 0.014940 	 0.004280 	 0.057957
7.890000 	 0.494953 	 0.077051 	 0.498945 	 0.015816 	 0.003992 	 0.061236
7.900000 	 0.495344 	 0.080902 	 0.499032 	 0.016625 	 0.003688 	 0.064276
7.910000 	 0.495754 	 0.084433 	 0.499122 	 0.017366 	 0.003368 	 0.067066
7.920000 	 0.496181 	 0.087631 	 0.499216 	 0.018036 	 0.003035 	 0.069595
7.930000 	 0.496623 	 0.090483 	 0.499312 	 0.018632 	 0.002689 	 0.071851
7.940000 	 0.497079 	 0.092978 	 0.499410 	 0.019151 	 0.002331 	 0.073826
7.950000 	 0.497547 	 0.095106 	 0.499510 	 0.019593 	 0.001963 	 0.075512
7.960000 	 0.498025 	 0.096858 	 0.499612 	 0.019956 	 0.001587 	 0.076902
7.970000 	 0.498511 	 0.098229 	 0.499714 	 0.020239 	 0.001203 	 0.077990
7.980000 	 0.499004 	 0.099211 	 0.499817 	 0.020441 	 0.000814 	 0.078771
7.990000 	 0.499501 	 0.099803 	 0.499921 	 0.020561 	 0.000420 	 0.079242
8.000000 	 0.500000 	 0.100000 	 0.500024 	 0.020600 	 0.000024 	 0.079400
8.010000 	 0.500500 	 0.099803 	 0.500126 	 0.020557 	 0.000374 	 0.079246
8.020000 	 0.500998 	 0.099211 	 0.500228 	 0.020433 	 0.000770 	 0.078779
8.030000 	 0.501493 	 0.098229 	 0.500328 	 0.020229 	 0.001165 	 0.078000
8.040000 	 0.501983 	 0.096858 	 0.500427 	 0.019946 	 0.001556 	 0.076913
8.050000 	 0.502465 	 0.095106 	 0.500523 	 0.019585 	 0.001942 	 0.075521
8.060000 	 0.502938 	 0.092978 	 0.500616 	 0.019148 	 0.002322 	 0.073829
8.070000 	 0.503400 	 0.090483 	 0.500707 	 0.018638 	 0.002693 	 0.071845
8.080000 	 0.503848 	 0.087631 	 0.500795 	 0.018056 	 0.003054 	 0.069575
8.090000 	 0.504282 	 0.084433 	 0.500879 	 0.017405 	 0.003404 	 0.067028
8.100000 	 0.504699 	 0.080902 	 0.500959 	 0.016687 	 0.003741 	 0.064214
8.110000 	 0.505098 	 0.077051 	 0.501034 	 0.015907 	 0.004064 	 0.061144
8.120000 	 0.505477 	 0.072897 	 0.501106 	 0.015067 	 0.004372 	 0.057830
8.130000 	 0.505835 	 0.068455 	 0.501172 	 0.014171 	 0.004663 	 0.054284
8.140000 	 0.506169 	 0.063742 	 0.501234 	 0.013222 	 0.004936 	 0.050520
8.150000 	 0.506480 	 0.058779 	 0.501290 	 0.012225 	 0.005190 	 0.046553
8.160000 	 0.506764 	 0.053583 	 0.501341 	 0.011184 	 0.005423 	 0.042399
8.170000 	 0.507022 	 0.048175 	 0.501386 	 0.010102 	 0.005636 	 0.038073
8.180000 	 0.507252 	 0.042578 	 0.501426 	 0.008985 	 0.005827 	 0.033593
8.190000 	 0.507454 	 0.036812 	 0.501459 	 0.007837 	 0.005995 	 0.028975
8.200000 	 0.507626 	 0.030902 	 0.501487 	 0.006662 	 0.006139 	 0.024239
8.210000 	 0.507767 	 0.024869 	 0.501508 	 0.005466 	 0.006259 	 0.019403
8.220000 	 0.507878 	 0.018738 	 0.501523 	 0.004253 	 0.006355 	 0.014485
8.230000 	 0.507958 	 0.012533 	 0.501533 	 0.003028 	 0.006425 	 0.009506
8.240000 	 0.508005 	 0.006279 	 0.501535 	 0.001795 	 0.006470 	 0.004484
8.250000 	 0.508021 	 0.000000 	 0.501532 	 0.000561 	 0.006489 	 0.000561
8.260000 	 0.508005 	 -0.006279 	 0.501523 	 -0.000671 	 0.006483 	 0.005608
8.270000 	 0.507958 	 -0.012533 	 0.501507 	 -0.001896 	 0.006451 	 0.010637
8.280000 	 0.507878 	 -0.018738 	 0.501485 	 -0.003108 	 0.006393 	 0.015630
8.290000 	 0.507767 	 -0.024869 	 0.501458 	 -0.004303 	 0.006310 	 0.020566
8.300000 	 0.507626 	 -0.030902 	 0.501424 	 -0.005477 	 0.006201 	 0.025425
8.310000 	 0.507454 	 -0.036812 	 0.501386 	 -0.006624 	 0.006068 	 0.030188
8.320000 	 0.507252 	 -0.042578 	 0.501341 	 -0.007741 	 0.005911 	 0.034837
8.330000 	 0.507022 	 -0.048175 	 0.501292 	 -0.008823 	 0.005731 	 0.039353
8.340000 	 0.506764 	 -0.053583 	 0.501237 	 -0.009865 	 0.005527 	 0.043717
8.350000 	 0.506480 	 -0.058779 	 0.501177 	 -0.010865 	 0.005302 	 0.047914
8.360000 	 0.506169 	 -0.063742 	 0.501113 	 -0.011818 	 0.005056 	 0.051925
8.370000 	 0.505835 	 -0.068455 	 0.501045 	 -0.012720 	 0.004790 	 0.055735
8.380000 	 0.505477 	 -0.072897 	 0.500973 	 -0.013569 	 0.004504 	 0.059328
8.390000 	 0.505098 	 -0.077051 	 0.500897 	 -0.014360 	 0.004201 	 0.062691
8.400000 	 0.504699 	 -0.080902 	 0.500818 	 -0.015092 	 0.003882 	 0.065810
8.410000 	 0.504282 	 -0.084433 	 0.500736 	 -0.015762 	 0.003547 	 0.068671
8.420000 	 0.503848 	 -0.087631 	 0.500651 	 -0.016366 	 0.003198 	 0.071264
8.430000 	 0.503400 	 -0.090483 	 0.500563 	 -0.016904 	 0.002836 	 0.073579
8.440000 	 0.502938 	 -0.092978 	 0.500474 	 -0.017373 	 0.002464 	 0.075605
8.450000 	 0.502465 	 -0.095106 	 0.500383 	 -0.017771 	 0.002082 	 0.077335
8.460000 	 0.501983 	 -0.096858 	 0.500291 	 -0.018097 	 0.001692 	 0.078761
8.470000 	 0.501493 	 -0.098229 	 0.500198 	 -0.018351 	 0.001296 	 0.079877
8.480000 	 0.500998 	 -0.099211 	 0.500104 	 -0.018532 	 0.000894 	 0.080680
8.490000 	 0.500500 	 -0.099803 	 0.500010 	 -0.018638 	 0.000489 	 0.081165
8.500000 	 0.500000 	 -0.100000 	 0.499917 	 -0.018671 	 0.000083 	 0.081329
8.510000 	 0.499501 	 -0.099803 	 0.499824 	 -0.018629 	 0.000323 	 0.081173
8.520000 	 0.499004 	 -0.099211 	 0.499732 	 -0.018515 	 0.000728 	 0.080697
8.530000 	 0.498511 	 -0.098229 	 0.499641 	 -0.018327 	 0.001130 	 0.079901
8.540000 	 0.498025 	 -0.096858 	 0.499552 	 -0.018068 	 0.001528 	 0.078790
8.550000 	 0.497547 	 -0.095106 	 0.499465 	 -0.017739 	 0.001918 	 0.077367
8.560000 	 0.497079 	 -0.092978 	 0.499381 	 -0.017341 	 0.002302 	 0.075636
8.570000 	 0.496623 	 -0.090483 	 0.499299 	 -0.016876 	 0.002676 	 0.073606
8.580000 	 0.496181 	 -0.087631 	 0.499220 	 -0.016347 	 0.003039 	 0.071284
8.590000 	 0.495754 	 -0.084433 	 0.499144 	 -0.015755 	 0.003390 	 0.068678
8.600000 	 0.495344 	 -0.080902 	 0.499072 	 -0.015103 	 0.003728 	 0.065799
8.610000 	 0.494953 	 -0.077051 	 0.499004 	 -0.014394 	 0.004051 	 0.062658
8.620000 	 0.494582 	 -0.072897 	 0.498940 	 -0.013631 	 0.004358 	 0.059266
8.630000 	 0.494233 	 -0.068455 	 0.498880 	 -0.012817 	 0.004647 	 0.055638
8.640000 	 0.493906 	 -0.063742 	 0.498824 	 -0.011956 	 0.004919 	 0.051787
8.650000 	 0.493603 	 -0.058779 	 0.498774 	 -0.011051 	 0.005171 	 0.047728
8.660000 	 0.493326 	 -0.053583 	 0.498728 	 -0.010106 	 0.005402 	 0.043477
8.670000 	 0.493075 	 -0.048175 	 0.498688 	 -0.009125 	 0.005613 	 0.039051
8.680000 	 0.492851 	 -0.042578 	 0.498652 	 -0.008111 	 0.005801 	 0.034467
8.690000 	 0.492656 	 -0.036812 	 0.498622 	 -0.007070 	 0.005967 	 0.029742
8.700000 	 0.492489 	 -0.030902 	 0.498598 	 -0.006005 	 0.006109 	 0.024897
8.710000 	 0.492351 	 -0.024869 	 0.498578 	 -0.004921 	 0.006227 	 0.019948
8.720000 	 0.492244 	 -0.018738 	 0.498565 	 -0.003821 	 0.006321 	 0.014917
8.730000 	 0.492167 	 -0.012533 	 0.498557 	 -0.002711 	 0.006390 	 0.009823
8.740000 	 0.492121 	 -0.006279 	 0.498555 	 -0.001594 	 0.006434 	 0.004685
8.750000 	 0.492105 	 -0.000000 	 0.498558 	 -0.000475 	 0.006453 	 0.000475
8.760000 	 0.492121 	 0.006279 	 0.498567 	 0.000641 	 0.006446 	 0.005639
8.770000 	 0.492167 	 0.012533 	 0.498581 	 0.001749 	 0.006414 	 0.010784
8.780000 	 0.492244 	 0.018738 	 0.498601 	 0.002847 	 0.006357 	 0.015891
8.790000 	 0.492351 	 0.024869 	 0.498626 	 0.003929 	 0.006274 	 0.020940
8.800000 	 0.492489 	 0.030902 	 0.498656 	 0.004991 	 0.006167 	 0.025910
8.810000 	 0.492656 	 0.036812 	 0.498691 	 0.006030 	 0.006036 	 0.030783
8.820000 	 0.492851 	 0.042578 	 0.498731 	 0.007040 	 0.005880 	 0.035538
8.830000 	 0.493075 	 0.048175 	 0.498776 	 0.008019 	 0.005701 	 0.040157
8.840000 	 0.493326 	 0.053583 	 0.498826 	 0.008962 	 0.005500 	 0.044621
8.850000 	 0.493603 	 0.058779 	 0.498879 	 0.009866 	 0.005276 	 0.048913
8.860000 	 0.493906 	 0.063742 	 0.498937 	 0.010727 	 0.005031 	 0.053015
8.870000 	 0.494233 	 0.068455 	 0.498999 	 0.011543 	 0.004766 	 0.056912
8.880000 	 0.494582 	 0.072897 	 0.499064 	 0.012310 	 0.004482 	 0.060587
8.890000 	 0.494953 	 0.077051 	 0.499133 	 0.013025 	 0.004180 	 0.064026
8.900000 	 0.495344 	 0.080902 	 0.499204 	 0.013686 	 0.003860 	 0.067216
8.910000 	 0.495754 	 0.084433 	 0.499279 	 0.014290 	 0.003525 	 0.070143
8.920000 	 0.496181 	 0.087631 	 0.499356 	 0.014836 	 0.003175 	 0.072795
8.930000 	 0.496623 	 0.090483 	 0.499435 	 0.015321 	 0.002811 	 0.075162
8.940000 	 0.497079 	 0.092978 	 0.499515 	 0.015743 	 0.002436 	 0.077235
8.950000 	 0.497547 	 0.095106 	 0.499597 	 0.016101 	 0.002051 	 0.079004
8.960000 	 0.498025 	 0.096858 	 0.499681 	 0.016395 	 0.001656 	 0.080463
8.970000 	 0.498511 	 0.098229 	 0.499765 	 0.016623 	 0.001254 	 0.081606
8.980000 	 0.499004 	 0.099211 	 0.499850 	 0.016784 	 0.000846 	 0.082428
8.990000 	 0.499501 	 0.099803 	 0.499935 	 0.016878 	 0.000434 	 0.082925
9.000000 	 0.500000 	 0.100000 	 0.500019 	 0.016905 	 0.000019 	 0.083095
9.010000 	 0.500500 	 0.099803 	 0.500103 	 0.016866 	 0.000397 	 0.082937
9.020000 	 0.500998 	 0.099211 	 0.500187 	 0.016760 	 0.000812 	 0.082452
9.030000 	 0.501493 	 0.098229 	 0.500269 	 0.016588 	 0.001225 	 0.081641
9.040000 	 0.501983 	 0.096858 	 0.500349 	 0.016351 	 0.001634 	 0.080507
9.050000 	 0.502465 	 0.095106 	 0.500428 	 0.016051 	 0.002037 	 0.079054
9.060000 	 0.502938 	 0.092978 	 0.500505 	 0.015689 	 0.002433 	 0.077289
9.070000 	 0.503400 	 0.090483 	 0.500579 	 0.015266 	 0.002821 	 0.075217
9.080000 	 0.503848 	 0.087631 	 0.500651 	 0.014784 	 0.003198 	 0.072846
9.090000 	 0.504282 	 0.084433 	 0.500719 	 0.014246 	 0.003563 	 0.070186
9.100000 	 0.504699 	 0.080902 	 0.500785 	 0.013654 	 0.003915 	 0.067247
9.110000 	 0.505098 	 0.077051 	 0.500847 	 0.013011 	 0.004252 	 0.064041
9.120000 	 0.505477 	 0.072897 	 0.500905 	 0.012318 	 0.004572 	 0.060579
9.130000 	 0.505835 	 0.068455 	 0.500959 	 0.011580 	 0.004875 	 0.056875
9.140000 	 0.506169 	 0.063742 	 0.501010 	 0.010799 	 0.005160 	 0.052944
9.150000 	 0.506480 	 0.058779 	 0.501055 	 0.009978 	 0.005424 	 0.048801
9.160000 	 0.506764 	 0.053583 	 0.501097 	 0.009121 	 0.005667 	 0.044462
9.170000 	 0.507022 	 0.048175 	 0.501134 	 0.008231 	 0.005889 	 0.039944
9.180000 	 0.507252 	 0.042578 	 0.501166 	 0.007313 	 0.006087 	 0.035265
9.190000 	 0.507454 	 0.036812 	 0.501193 	 0.006369 	 0.006261 	 0.030444
9.200000 	 0.507626 	 0.030902 	 0.501215 	 0.005404 	 0.006411 	 0.025498
9.210000 	 0.507767 	 0.024869 	 0.501232 	 0.004421 	 0.006535 	 0.020448
9.220000 	 0.507878 	 0.018738 	 0.501245 	 0.003424 	 0.006634 	 0.015314
9.230000 	 0.507958 	 0.012533 	 0.501252 	 0.002418 	 0.006706 	 0.010115
9.240000 	 0.508005 	 0.006279 	 0.501254 	 0.001407 	 0.006752 	 0.004872
9.250000 	 0.508021 	 0.000000 	 0.501251 	 0.000394 	 0.006771 	 0.000394
9.260000 	 0.508005 	 -0.006279 	 0.501243 	 -0.000617 	 0.006763 	 0.005662
9.270000 	 0.507958 	 -0.012533 	 0.501229 	 -0.001621 	 0.006728 	 0.010912
9.280000 	 0.507878 	 -0.018738 	 0.501211 	 -0.002615 	 0.006667 	 0.016123
9.290000 	 0.507767 	 -0.024869 	 0.501188 	 -0.003595 	 0.006579 	 0.021274
9.300000 	 0.507626 	 -0.030902 	 0.501161 	 -0.004557 	 0.006465 	 0.026345
9.310000 	 0.507454 	 -0.036812 	 0.501129 	 -0.005497 	 0.006325 	 0.031316
9.320000 	 0.507252 	 -0.042578 	 0.501092 	 -0.006411 	 0.006161 	 0.036167
9.330000 	 0.507022 	 -0.048175 	 0.501051 	 -0.007297 	 0.005971 	 0.040878
9.340000 	 0.506764 	 -0.053583 	 0.501006 	 -0.008150 	 0.005759 	 0.045432
9.350000 	 0.506480 	 -0.058779 	 0.500957 	 -0.008968 	 0.005523 	 0.049810
9.360000 	 0.506169 	 -0.063742 	 0.500904 	 -0.009748 	 0.005265 	 0.053995
9.370000 	 0.505835 	 -0.068455 	 0.500848 	 -0.010485 	 0.004987 	 0.057970
9.380000 	 0.505477 	 -0.072897 	 0.500788 	 -0.011179 	 0.004689 	 0.061718
9.390000 	 0.505098 	 -0.077051 	 0.500726 	 -0.011825 	 0.004372 	 0.065226
9.400000 	 0.504699 	 -0.080902 	 0.500661 	 -0.012422 	 0.004039 	 0.068479
9.410000 	 0.504282 	 -0.084433 	 0.500593 	 -0.012968 	 0.003689 	 0.071465
9.420000 	 0.503848 	 -0.087631 	 0.500523 	 -0.013461 	 0.003325 	 0.074170
9.430000 	 0.503400 	 -0.090483 	 0.500452 	 -0.013898 	 0.002948 	 0.076584
9.440000 	 0.502938 	 -0.092978 	 0.500378 	 -0.014279 	 0.002560 	 0.078699
9.450000 	 0.502465 	 -0.095106 	 0.500303 	 -0.014602 	 0.002162 	 0.080504
9.460000 	 0.501983 	 -0.096858 	 0.500228 	 -0.014866 	 0.001755 	 0.081992
9.470000 	 0.501493 	 -0.098229 	 0.500151 	 -0.015071 	 0.001342 	 0.083158
9.480000 	 0.500998 	 -0.099211 	 0.500075 	 -0.015215 	 0.000924 	 0.083997
9.490000 	 0.500500 	 -0.099803 	 0.499998 	 -0.015298 	 0.000502 	 0.084505
9.500000 	 0.500000 	 -0.100000 	 0.499921 	 -0.015321 	 0.000079 	 0.084679
9.510000 	 0.499501 	 -0.099803 	 0.499845 	 -0.015283 	 0.000344 	 0.084520
9.520000 	 0.499004 	 -0.099211 	 0.499769 	 -0.015185 	 0.000766 	 0.084027
9.530000 	 0.498511 	 -0.098229 	 0.499695 	 -0.015027 	 0.001184 	 0.083202
9.540000 	 0.498025 	 -0.096858 	 0.499622 	 -0.014811 	 0.001597 	 0.082047
9.550000 	 0.497547 	 -0.095106 	 0.499551 	 -0.014537 	 0.002004 	 0.080569
9.560000 	 0.497079 	 -0.092978 	 0.499481 	 -0.014207 	 0.002402 	 0.078771
9.570000 	 0.496623 	 -0.090483 	 0.499414 	 -0.013822 	 0.002791 	 0.076661
9.580000 	 0.496181 	 -0.087631 	 0.499350 	 -0.013384 	 0.003169 	 0.074247
9.590000 	 0.495754 	 -0.084433 	 0.499288 	 -0.012894 	 0.003534 	 0.071538
9.600000 	 0.495344 	 -0.080902 	 0.499229 	 -0.012356 	 0.003884 	 0.068545
9.610000 	 0.494953 	 -0.077051 	 0.499173 	 -0.011771 	 0.004220 	 0.065280
9.620000 	 0.494582 	 -0.072897 	 0.499120 	 -0.011143 	 0.004538 	 0.061754
9.630000 	 0.494233 	 -0.068455 	 0.499072 	 -0.010472 	 0.004839 	 0.057983
9.640000 	 0.493906 	 -0.063742 	 0.499026 	 -0.009763 	 0.005121 	 0.053979
9.650000 	 0.493603 	 -0.058779 	 0.498985 	 -0.009018 	 0.005382 	 0.049760
9.660000 	 0.493326 	 -0.053583 	 0.498948 	 -0.008241 	 0.005622 	 0.045342
9.670000 	 0.493075 	 -0.048175 	 0.498915 	 -0.007434 	 0.005840 	 0.040742
9.680000 	 0.492851 	 -0.042578 	 0.498886 	 -0.006600 	 0.006035 	 0.035977
9.690000 	 0.492656 	 -0.036812 	 0.498862 	 -0.005745 	 0.006206 	 0.031068
9.700000 	 0.492489 	 -0.030902 	 0.498842 	 -0.004869 	 0.006353 	 0.026032
9.710000 	 0.492351 	 -0.024869 	 0.498826 	 -0.003979 	 0.006475 	 0.020890
9.720000 	 0.492244 	 -0.018738 	 0.498816 	 -0.003075 	 0.006572 	 0.015663
9.730000 	 0.492167 	 -0.012533 	 0.498809 	 -0.002164 	 0.006642 	 0.010369
9.740000 	 0.492121 	 -0.006279 	 0.498808 	 -0.001247 	 0.006687 	 0.005032
9.750000 	 0.492105 	 -0.000000 	 0.498811 	 -0.000329 	 0.006706 	 0.000329
9.760000 	 0.492121 	 0.006279 	 0.498818 	 0.000586 	 0.006698 	 0.005693
9.770000 	 0.492167 	 0.012533 	 0.498830 	 0.001496 	 0.006663 	 0.011038
9.780000 	 0.492244 	 0.018738 	 0.498847 	 0.002396 	 0.006603 	 0.016342
9.790000 	 0.492351 	 0.024869 	 0.498868 	 0.003283 	 0.006516 	 0.021586
9.800000 	 0.492489 	 0.030902 	 0.498893 	 0.004153 	 0.006404 	 0.026748
9.810000 	 0.492656 	 0.036812 	 0.498922 	 0.005004 	 0.006266 	 0.031808
9.820000 	 0.492851 	 0.042578 	 0.498955 	 0.005832 	 0.006104 	 0.036746
9.830000 	 0.493075 	 0.048175 	 0.498992 	 0.006633 	 0.005917 	 0.041543
9.840000 	 0.493326 	 0.053583 	 0.499033 	 0.007405 	 0.005707 	 0.046178
9.850000 	 0.493603 	 0.058779 	 0.499077 	 0.008144 	 0.005474 	 0.050634
9.860000 	 0.493906 	 0.063742 	 0.499125 	 0.008849 	 0.005219 	 0.054894
9.870000 	 0.494233 	 0.068455 	 0.499176 	 0.009516 	 0.004943 	 0.058939
9.880000 	 0.494582 	 0.072897 	 0.499230 	 0.010142 	 0.004648 	 0.062755
9.890000 	 0.494953 	 0.077051 	 0.499286 	 0.010726 	 0.004333 	 0.066325
9.900000 	 0.495344 	 0.080902 	 0.499345 	 0.011266 	 0.004001 	 0.069636
9.910000 	 0.495754 	 0.084433 	 0.499406 	 0.011759 	 0.003652 	 0.072674
9.920000 	 0.496181 	 0.087631 	 0.499469 	 0.012203 	 0.003288 	 0.075428
9.930000 	 0.496623 	 0.090483 	 0.499534 	 0.012597 	 0.002911 	 0.077885
9.940000 	 0.497079 	 0.092978 	 0.499601 	 0.012941 	 0.002522 	 0.080037
9.950000 	 0.497547 	 0.095106 	 0.499668 	 0.013231 	 0.002121 	 0.081874
9.960000 	 0.498025 	 0.096858 	 0.499737 	 0.013469 	 0.001712 	 0.083389
9.970000 	 0.498511 	 0.098229 	 0.499806 	 0.013652 	 0.001295 	 0.084577
9.980000 	 0.499004 	 0.099211 	 0.499875 	 0.013781 	 0.000872 	 0.085431
9.990000 	 0.499501 	 0.099803 	 0.499945 	 0.013854 	 0.000444 	 0.085948
