# time	x_num	v_num	x_ana	v_ana
0.0000000000	0.5000000000	0.1000000000	0.5000000000	0.1000000000
0.0100000000	0.5005000000	0.1000000000	0.5004999208	0.0998026728
0.0200000000	0.5009965482	0.0996048210	0.5009983656	0.0992114701
0.0300000000	0.5014876770	0.0988160279	0.5014933588	0.0982287251
0.0400000000	0.5019714343	0.0976367423	0.5019829329	0.0968583161
0.0500000000	0.5024458918	0.0960716304	0.5024651361	0.0951056516
0.0600000000	0.5029091523	0.0941268845	0.5029380405	0.0929776486
0.0700000000	0.5033593581	0.0918101979	0.5033997501	0.0904827052
0.0800000000	0.5037946987	0.0891307347	0.5038484086	0.0876306680
0.0900000000	0.5042134182	0.0860990931	0.5042822074	0.0844327926
0.1000000000	0.5046138231	0.0827272635	0.5046993933	0.0809016994
0.1100000000	0.5049942895	0.0790285803	0.5050982760	0.0770513243
0.1200000000	0.5053532702	0.0750176696	0.5054772356	0.0728968627
0.1300000000	0.5056893016	0.0707103904	0.5058347295	0.0684547106
0.1400000000	0.5060010103	0.0661237722	0.5061692996	0.0637423990
0.1500000000	0.5062871190	0.0612759469	0.5064795784	0.0587785252
0.1600000000	0.5065464526	0.0561860771	0.5067642953	0.0535826795
0.1700000000	0.5067779432	0.0508742799	0.5070222825	0.0481753674
0.1800000000	0.5069806355	0.0453615474	0.5072524802	0.0425779292
0.1900000000	0.5071536909	0.0396696629	0.5074539413	0.0368124553
0.2000000000	0.5072963916	0.0338211155	0.5076258361	0.0309016994
0.2100000000	0.5074081438	0.0278390101	0.5077674556	0.0248689887
0.2200000000	0.5074884809	0.0217469765	0.5078782155	0.0187381315
0.2300000000	0.5075370653	0.0155690757	0.5079576583	0.0125333234
0.2400000000	0.5075536904	0.0093297047	0.5080054557	0.0062790520
0.2500000000	0.5075382816	0.0030535003	0.5080214102	0.0000000000
0.2600000000	0.5074908967	-0.0032347584	0.5080054557	-0.0062790520
0.2700000000	0.5074117257	-0.0095102480	0.5079576583	-0.0125333234
0.2800000000	0.5073010901	-0.0157481985	0.5078782155	-0.0187381315
0.2900000000	0.5071594414	-0.0219239912	0.5077674556	-0.0248689887
0.3000000000	0.5069873592	-0.0280132556	0.5076258361	-0.0309016994
0.3100000000	0.5067855484	-0.0339919656	0.5074539413	-0.0368124553
0.3200000000	0.5065548363	-0.0398365342	0.5072524802	-0.0425779292
0.3300000000	0.5062961687	-0.0455239060	0.5070222825	-0.0481753674
0.3400000000	0.5060106055	-0.0510316484	0.5067642953	-0.0535826795
0.3500000000	0.5056993161	-0.0563380395	0.5064795784	-0.0587785252
0.3600000000	0.5053635738	-0.0614221538	0.5061692996	-0.0637423990
0.3700000000	0.5050047507	-0.0662639442	0.5058347295	-0.0684547106
0.3800000000	0.5046243109	-0.0708443207	0.5054772356	-0.0728968627
0.3900000000	0.5042238042	-0.0751452258	0.5050982760	-0.0770513243
0.4000000000	0.5038048593	-0.0791497049	0.5046993933	-0.0809016994
0.4100000000	0.5033691765	-0.0828419730	0.5042822074	-0.0844327926
0.4200000000	0.5029185205	-0.0862074770	0.5038484086	-0.0876306680
0.4300000000	0.5024547124	-0.0892329522	0.5033997501	-0.0904827052
0.4400000000	0.5019796220	-0.0919064748	0.5029380405	-0.0929776486
0.4500000000	0.5014951599	-0.0942175081	0.5024651361	-0.0951056516
0.4600000000	0.5010032693	-0.0961569447	0.5019829329	-0.0968583161
0.4700000000	0.5005059179	-0.0977171411	0.5014933588	-0.0982287251
0.4800000000	0.5000050898	-0.0988919488	0.5009983656	-0.0992114701
0.4900000000	0.4995027771	-0.0996767373	0.5004999208	-0.0998026728
0.5000000000	0.4990009723	-0.1000684131	0.5000000000	-0.1000000000
0.5100000000	0.4985016597	-0.1000654316	0.4995005785	-0.0998026728
0.5200000000	0.4980068082	-0.0996678029	0.4990036239	-0.0992114701
0.5300000000	0.4975183628	-0.0988770920	0.4985110881	-0.0982287251
0.5400000000	0.4970382379	-0.0976964129	0.4980249001	-0.0968583161
0.5500000000	0.4965683094	-0.0961304160	0.4975469581	-0.0951056516
0.5600000000	0.4961104077	-0.0941852703	0.4970791228	-0.0929776486
0.5700000000	0.4956663110	-0.0918686389	0.4966232104	-0.0904827052
0.5800000000	0.4952377390	-0.0891896493	0.4961809856	-0.0876306680
0.5900000000	0.4948263462	-0.0861588575	0.4957541557	-0.0844327926
0.6000000000	0.4944337159	-0.0827882067	0.4953443640	-0.0809016994
0.6100000000	0.4940613554	-0.0790909806	0.4949531841	-0.0770513243
0.6200000000	0.4937106897	-0.0750817509	0.4945821145	-0.0728968627
0.6300000000	0.4933830574	-0.0707763207	0.4942325732	-0.0684547106
0.6400000000	0.4930797056	-0.0661916622	0.4939058931	-0.0637423990
0.6500000000	0.4928017861	-0.0613458502	0.4936033172	-0.0587785252
0.6600000000	0.4925503512	-0.0562579910	0.4933259946	-0.0535826795
0.6700000000	0.4923263507	-0.0509481474	0.4930749764	-0.0481753674
0.6800000000	0.4921306284	-0.0454372601	0.4928512127	-0.0425779292
0.6900000000	0.4919639197	-0.0397470650	0.4926555489	-0.0368124553
0.7000000000	0.4918268491	-0.0339000079	0.4924887235	-0.0309016994
0.7100000000	0.4917199282	-0.0279191563	0.4923513653	-0.0248689887
0.7200000000	0.4916435547	-0.0218281082	0.4922439915	-0.0187381315
0.7300000000	0.4915980103	-0.0156508996	0.4921670063	-0.0125333234
0.7400000000	0.4915834607	-0.0094119094	0.4921206991	-0.0062790520
0.7500000000	0.4915999547	-0.0031357636	0.4921052440	-0.0000000000
0.7600000000	0.4916474246	0.0031527622	0.4921206991	0.0062790520
0.7700000000	0.4917256858	0.0094288401	0.4921670063	0.0125333234
0.7800000000	0.4918344383	0.0156676885	0.4922439915	0.0187381315
0.7900000000	0.4919732672	0.0218446697	0.4923513653	0.0248689887
0.8000000000	0.4921416443	0.0279353873	0.4924887235	0.0309016994
0.8100000000	0.4923389300	0.0339157826	0.4926555489	0.0368124553
0.8200000000	0.4925643751	0.0397622301	0.4928512127	0.0425779292
0.8300000000	0.4928171236	0.0454516307	0.4930749764	0.0481753674
0.8400000000	0.4930962158	0.0509615034	0.4933259946	0.0535826795
0.8500000000	0.4934005907	0.0562700742	0.4936033172	0.0587785252
0.8600000000	0.4937290905	0.0613563626	0.4939058931	0.0637423990
0.8700000000	0.4940804637	0.0662002645	0.4942325732	0.0684547106
0.8800000000	0.4944533700	0.0707826322	0.4945821145	0.0728968627
0.8900000000	0.4948463843	0.0750853503	0.4949531841	0.0770513243
0.9000000000	0.4952580020	0.0790914078	0.4953443640	0.0809016994
0.9100000000	0.4956866441	0.0827849652	0.4957541557	0.0844327926
0.9200000000	0.4961306626	0.0861514178	0.4961809856	0.0876306680
0.9300000000	0.4965883466	0.0891774535	0.4966232104	0.0904827052
0.9400000000	0.4970579280	0.0918511060	0.4970791228	0.0929776486
0.9500000000	0.4975375881	0.0941618020	0.4975469581	0.0951056516
0.9600000000	0.4980254645	0.0961004034	0.4980249001	0.0968583161
0.9700000000	0.4985196574	0.0976592435	0.4985110881	0.0982287251
0.9800000000	0.4990182370	0.0988321579	0.4990036239	0.0992114701
0.9900000000	0.4995192510	0.0996145083	0.4995005785	0.0998026728
1.0000000000	0.5000207316	0.1000032015	0.5000000000	0.1000000000
1.0100000000	0.5005207034	0.0999967016	0.5004999208	0.0998026728
1.0200000000	0.5010171909	0.0995950358	0.5009983656	0.0992114701
1.0300000000	0.5015082267	0.0987997945	0.5014933588	0.0982287251
1.0400000000	0.5019918591	0.0976141250	0.5019829329	0.0968583161
1.0500000000	0.5024661600	0.0960427188	0.5024651361	0.0951056516
1.0600000000	0.5029292329	0.0940917928	0.5029380405	0.0929776486
1.0700000000	0.5033792208	0.0917690651	0.5033997501	0.0904827052
1.0800000000	0.5038143138	0.0890837234	0.5038484086	0.0876306680
1.0900000000	0.5042327570	0.0860463892	0.5042822074	0.0844327926
1.1000000000	0.5046328579	0.0826690755	0.5046993933	0.0809016994
1.1100000000	0.5050129939	0.0789651383	0.5050982760	0.0770513243
1.1200000000	0.5053716189	0.0749492244	0.5054772356	0.0728968627
1.1300000000	0.5057072709	0.0706372128	0.5058347295	0.0684547106
1.1400000000	0.5060185778	0.0660461513	0.5061692996	0.0637423990
1.1500000000	0.5063042640	0.0611941896	0.5064795784	0.0587785252
1.1600000000	0.5065631560	0.0561005066	0.5067642953	0.0535826795
1.1700000000	0.5067941878	0.0507852344	0.5070222825	0.0481753674
1.1800000000	0.5069964058	0.0452693786	0.5072524802	0.0425779292
1.1900000000	0.5071689735	0.0395747352	0.5074539413	0.0368124553
1.2000000000	0.5073111750	0.0337238039	0.5076258361	0.0309016994
1.2100000000	0.5074224185	0.0277396990	0.5077674556	0.0248689887
1.2200000000	0.5075022396	0.0216460581	0.5078782155	0.0187381315
1.2300000000	0.5075503027	0.0154669485	0.5079576583	0.0125333234
1.2400000000	0.5075664035	0.0092267721	0.5080054557	0.0062790520
1.2500000000	0.5075504695	0.0029501688	0.5080214102	0.0000000000
1.2600000000	0.5075025606	-0.0033380811	0.5080054557	-0.0062790520
1.2700000000	0.5074228690	-0.0096131539	0.5079576583	-0.0125333234
1.2800000000	0.5073117184	-0.0158502815	0.5078782155	-0.0187381315
1.2900000000	0.5071695624	-0.0220248484	0.5077674556	-0.0248689887
1.3000000000	0.5069969826	-0.0281124890	0.5076258361	-0.0309016994
1.3100000000	0.5067946862	-0.0340891838	0.5074539413	-0.0368124553
1.3200000000	0.5065635023	-0.0399313535	0.5072524802	-0.0425779292
1.3300000000	0.5063043787	-0.0456159525	0.5070222825	-0.0481753674
1.3400000000	0.5060183771	-0.0511205591	0.5067642953	-0.0535826795
1.3500000000	0.5057066686	-0.0564234637	0.5064795784	-0.0587785252
1.3600000000	0.5053705285	-0.0615037547	0.5061692996	-0.0637423990
1.3700000000	0.5050113302	-0.0663414000	0.5058347295	-0.0684547106
1.3800000000	0.5046305393	-0.0709173261	0.5054772356	-0.0728968627
1.3900000000	0.5042297072	-0.0752134929	0.5050982760	-0.0770513243
1.4000000000	0.5038104637	-0.0792129646	0.5046993933	-0.0809016994
1.4100000000	0.5033745103	-0.0828999761	0.5042822074	-0.0844327926
1.4200000000	0.5029236128	-0.0862599947	0.5038484086	-0.0876306680
1.4300000000	0.5024595931	-0.0892797776	0.5033997501	-0.0904827052
1.4400000000	0.5019843218	-0.0919474233	0.5029380405	-0.0929776486
1.4500000000	0.5014997102	-0.0942524184	0.5024651361	-0.0951056516
1.4600000000	0.5010077020	-0.0961856791	0.5019829329	-0.0968583161
1.4700000000	0.5005102653	-0.0977395866	0.5014933588	-0.0982287251
1.4800000000	0.5000093843	-0.0989080167	0.5009983656	-0.0992114701
1.4900000000	0.4995070515	-0.0996863643	0.5004999208	-0.0998026728
1.5000000000	0.4990052591	-0.1000715614	0.5000000000	-0.1000000000
1.5100000000	0.4985059915	-0.1000620886	0.4995005785	-0.0998026728
1.5200000000	0.4980112170	-0.0996579818	0.4990036239	-0.0992114701
1.5300000000	0.4975228806	-0.0988608315	0.4985110881	-0.0982287251
1.5400000000	0.4970428959	-0.0976737770	0.4980249001	-0.0968583161
1.5500000000	0.4965731381	-0.0961014939	0.4975469581	-0.0951056516
1.5600000000	0.4961154371	-0.0941501759	0.4970791228	-0.0929776486
1.5700000000	0.4956715702	-0.0918275105	0.4966232104	-0.0904827052
1.5800000000	0.4952432560	-0.0891426489	0.4961809856	-0.0876306680
1.5900000000	0.4948321478	-0.0861061704	0.4957541557	-0.0844327926
1.6000000000	0.4944398281	-0.0827300405	0.4953443640	-0.0809016994
1.6100000000	0.4940678026	-0.0790275645	0.4949531841	-0.0770513243
1.6200000000	0.4937174951	-0.0750133348	0.4945821145	-0.0728968627
1.6300000000	0.4933902428	-0.0707031744	0.4942325732	-0.0684547106
1.6400000000	0.4930872912	-0.0661140740	0.4939058931	-0.0637423990
1.6500000000	0.4928097906	-0.0612641260	0.4936033172	-0.0587785252
1.6600000000	0.4925587917	-0.0561724531	0.4933259946	-0.0535826795
1.6700000000	0.4923352426	-0.0508591331	0.4930749764	-0.0481753674
1.6800000000	0.4921399852	-0.0453451205	0.4928512127	-0.0425779292
1.6900000000	0.4919737533	-0.0396521635	0.4926555489	-0.0368124553
1.7000000000	0.4918371696	-0.0338027188	0.4924887235	-0.0309016994
1.7100000000	0.4917307438	-0.0278198635	0.4923513653	-0.0248689887
1.7200000000	0.4916548716	-0.0217272035	0.4922439915	-0.0187381315
1.7300000000	0.4916098329	-0.0155487812	0.4921670063	-0.0125333234
1.7400000000	0.4915957916	-0.0093089804	0.4921206991	-0.0062790520
1.7500000000	0.4916127945	-0.0030324302	0.4921052440	-0.0000000000
1.7600000000	0.4916607719	0.0032560919	0.4921206991	0.0062790520
1.7700000000	0.4917395375	0.0095317583	0.4921670063	0.0125333234
1.7800000000	0.4918487893	0.0157697887	0.4922439915	0.0187381315
1.7900000000	0.4919881104	0.0219455487	0.4923513653	0.0248689887
1.8000000000	0.4921569708	0.0280346466	0.4924887235	0.0309016994
1.8100000000	0.4923547291	0.0340130301	0.4926555489	0.0368124553
1.8200000000	0.4925806344	0.0398570816	0.4928512127	0.0425779292
1.8300000000	0.4928338290	0.0455437115	0.4930749764	0.0481753674
1.8400000000	0.4931133512	0.0510504496	0.4933259946	0.0535826795
1.8500000000	0.4934181386	0.0563555343	0.4936033172	0.0587785252
1.8600000000	0.4937470317	0.0614379987	0.4939058931	0.0637423990
1.8700000000	0.4940987775	0.0662777540	0.4942325732	0.0684547106
1.8800000000	0.4944720343	0.0708556688	0.4945821145	0.0728968627
1.8900000000	0.4948653755	0.0751536453	0.4949531841	0.0770513243
1.9000000000	0.4952772953	0.0791546911	0.4953443640	0.0809016994
1.9100000000	0.4957062135	0.0828429866	0.4957541557	0.0844327926
1.9200000000	0.4961504809	0.0862039478	0.4961809856	0.0876306680
1.9300000000	0.4966083856	0.0892242845	0.4966232104	0.0904827052
1.9400000000	0.4970781586	0.0918920528	0.4970791228	0.0929776486
1.9500000000	0.4975579804	0.0941967026	0.4975469581	0.0951056516
1.9600000000	0.4980459878	0.0961291198	0.4980249001	0.0968583161
1.9700000000	0.4985402804	0.0976816621	0.4985110881	0.0982287251
1.9800000000	0.4990389281	0.0988481901	0.4990036239	0.0992114701
1.9900000000	0.4995399781	0.0996240906	0.4995005785	0.0998026728
2.0000000000	0.5000414623	0.1000062962	0.5000000000	0.1000000000
2.0100000000	0.5005414052	0.0999932964	0.5004999208	0.0998026728
2.0200000000	0.5010378316	0.0995851441	0.5009983656	0.0992114701
2.0300000000	0.5015287739	0.0987834556	0.5014933588	0.0982287251
2.0400000000	0.5020122809	0.0975914035	0.5019829329	0.0968583161
2.0500000000	0.5024864247	0.0960137046	0.5024651361	0.0951056516
2.0600000000	0.5029493095	0.0940566007	0.5029380405	0.0929776486
2.0700000000	0.5033990789	0.0917278342	0.5033997501	0.0904827052
2.0800000000	0.5038339238	0.0890366169	0.5038484086	0.0876306680
2.0900000000	0.5042520902	0.0859935935	0.5042822074	0.0844327926
2.1000000000	0.5046518868	0.0826107992	0.5046993933	0.0809016994
2.1100000000	0.5050316918	0.0789016120	0.5050982760	0.0770513243
2.1200000000	0.5053899609	0.0748806993	0.5054772356	0.0728968627
2.1300000000	0.5057252330	0.0705639597	0.5058347295	0.0684547106
2.1400000000	0.5060361378	0.0659684599	0.5061692996	0.0637423990
2.1500000000	0.5063214011	0.0611123670	0.5064795784	0.0587785252
2.1600000000	0.5065798512	0.0560148762	0.5067642953	0.0535826795
2.1700000000	0.5068104238	0.0506961346	0.5070222825	0.0481753674
2.1800000000	0.5070121674	0.0451771616	0.5072524802	0.0425779292
2.1900000000	0.5071842471	0.0394797653	0.5074539413	0.0368124553
2.2000000000	0.5073259492	0.0336264562	0.5076258361	0.0309016994
2.2100000000	0.5074366839	0.0276403582	0.5077674556	0.0248689887
2.2200000000	0.5075159888	0.0215451165	0.5078782155	0.0187381315
2.2300000000	0.5075635306	0.0153648049	0.5079576583	0.0125333234
2.2400000000	0.5075791070	0.0091238297	0.5080054557	0.0062790520
2.2500000000	0.5075626477	0.0028468340	0.5080214102	0.0000000000
2.2600000000	0.5075142148	-0.0034414002	0.5080054557	-0.0062790520
2.2700000000	0.5074340028	-0.0097160496	0.5079576583	-0.0125333234
2.2800000000	0.5073223372	-0.0159523476	0.5078782155	-0.0187381315
2.2900000000	0.5071796741	-0.0221256821	0.5077674556	-0.0248689887
2.3000000000	0.5070065970	-0.0282116925	0.5076258361	-0.0309016994
2.3100000000	0.5068038151	-0.0341863656	0.5074539413	-0.0368124553
2.3200000000	0.5065721597	-0.0400261303	0.5072524802	-0.0425779292
2.3300000000	0.5063125802	-0.0457079504	0.5070222825	-0.0481753674
2.3400000000	0.5060261405	-0.0512094153	0.5067642953	-0.0535826795
2.3500000000	0.5057140133	-0.0565088278	0.5064795784	-0.0587785252
2.3600000000	0.5053774757	-0.0615852900	0.5061692996	-0.0637423990
2.3700000000	0.5050179025	-0.0664187851	0.5058347295	-0.0684547106
2.3800000000	0.5046367611	-0.0709902558	0.5054772356	-0.0728968627
2.3900000000	0.5042356039	-0.0752816798	0.5050982760	-0.0770513243
2.4000000000	0.5038160623	-0.0792761399	0.5046993933	-0.0809016994
2.4100000000	0.5033798388	-0.0829578907	0.5042822074	-0.0844327926
2.4200000000	0.5029287002	-0.0863124205	0.5038484086	-0.0876306680
2.4300000000	0.5024644694	-0.0893265078	0.5033997501	-0.0904827052
2.4400000000	0.5019890178	-0.0919882738	0.5029380405	-0.0929776486
2.4500000000	0.5015042572	-0.0942872282	0.5024651361	-0.0951056516
2.4600000000	0.5010121319	-0.0962143111	0.5019829329	-0.0968583161
2.4700000000	0.5005146104	-0.0977619278	0.5014933588	-0.0982287251
2.4800000000	0.5000136771	-0.0989239791	0.5009983656	-0.0992114701
2.4900000000	0.4995113247	-0.0996958851	0.5004999208	-0.0998026728
2.5000000000	0.4990095452	-0.1000746029	0.5000000000	-0.1000000000
2.5100000000	0.4985103231	-0.1000586389	0.4995005785	-0.0998026728
2.5200000000	0.4980156263	-0.0996480545	0.4990036239	-0.0992114701
2.5300000000	0.4975273993	-0.0988444656	0.4985110881	-0.0982287251
2.5400000000	0.4970475553	-0.0976510370	0.4980249001	-0.0968583161
2.5500000000	0.4965779688	-0.0960724694	0.4975469581	-0.0951056516
2.5600000000	0.4961204690	-0.0941149812	0.4970791228	-0.0929776486
2.5700000000	0.4956768323	-0.0917862842	0.4966232104	-0.0904827052
2.5800000000	0.4952487763	-0.0890955535	0.4961809856	-0.0876306680
2.5900000000	0.4948379532	-0.0860533915	0.4957541557	-0.0844327926
2.6000000000	0.4944459444	-0.0826717861	0.4953443640	-0.0809016994
2.6100000000	0.4940742544	-0.0789640641	0.4949531841	-0.0770513243
2.6200000000	0.4937243055	-0.0749448388	0.4945821145	-0.0728968627
2.6300000000	0.4933974335	-0.0706299527	0.4942325732	-0.0684547106
2.6400000000	0.4930948825	-0.0660364154	0.4939058931	-0.0637423990
2.6500000000	0.4928178011	-0.0611823365	0.4936033172	-0.0587785252
2.6600000000	0.4925672385	-0.0560868553	0.4933259946	-0.0535826795
2.6700000000	0.4923441409	-0.0507700646	0.4930749764	-0.0481753674
2.6800000000	0.4921493488	-0.0452529324	0.4928512127	-0.0425779292
2.6900000000	0.4919835939	-0.0395572196	0.4926555489	-0.0368124553
2.7000000000	0.4918474971	-0.0337053937	0.4924887235	-0.0309016994
2.7100000000	0.4917415665	-0.0277205410	0.4923513653	-0.0248689887
2.7200000000	0.4916661957	-0.0216262756	0.4922439915	-0.0187381315
2.7300000000	0.4916216630	-0.0154466462	0.4921670063	-0.0125333234
2.7400000000	0.4916081299	-0.0092060414	0.4921206991	-0.0062790520
2.7500000000	0.4916256418	-0.0029290936	0.4921052440	-0.0000000000
2.7600000000	0.4916741267	0.0033594182	0.4921206991	0.0062790520
2.7700000000	0.4917533966	0.0096346663	0.4921670063	0.0125333234
2.7800000000	0.4918631474	0.0158718721	0.4922439915	0.0187381315
2.7900000000	0.4920029607	0.0220464042	0.4923513653	0.0248689887
2.8000000000	0.4921723043	0.0281338759	0.4924887235	0.0309016994
2.8100000000	0.4923705351	0.0341102413	0.4926555489	0.0368124553
2.8200000000	0.4925969004	0.0399518906	0.4928512127	0.0425779292
2.8300000000	0.4928505407	0.0456357437	0.4930749764	0.0481753674
2.8400000000	0.4931304927	0.0511393413	0.4933259946	0.0535826795
2.8500000000	0.4934356923	0.0564409342	0.4936033172	0.0587785252
2.8600000000	0.4937649784	0.0615195693	0.4939058931	0.0637423990
2.8700000000	0.4941170965	0.0663551728	0.4942325732	0.0684547106
2.8800000000	0.4944907033	0.0709286298	0.4945821145	0.0728968627
2.8900000000	0.4948843711	0.0752218601	0.4949531841	0.0770513243
2.9000000000	0.4952965926	0.0792178899	0.4953443640	0.0809016994
2.9100000000	0.4957257864	0.0829009195	0.4957541557	0.0844327926
2.9200000000	0.4961703023	0.0862563859	0.4961809856	0.0876306680
2.9300000000	0.4966284273	0.0892710203	0.4966232104	0.0904827052
2.9400000000	0.4970983913	0.0919329014	0.4970791228	0.0929776486
2.9500000000	0.4975783743	0.0942315026	0.4975469581	0.0951056516
2.9600000000	0.4980665122	0.0961577335	0.4980249001	0.0968583161
2.9700000000	0.4985609041	0.0977039764	0.4985110881	0.0982287251
2.9800000000	0.4990596193	0.0988641167	0.4990036239	0.0992114701
2.9900000000	0.4995607047	0.0996335666	0.4995005785	0.0998026728
3.0000000000	0.5000621920	0.1000092841	0.5000000000	0.1000000000
3.0100000000	0.5005621057	0.0999897843	0.5004999208	0.0998026728
3.0200000000	0.5010584702	0.0995751461	0.5009983656	0.0992114701
3.0300000000	0.5015493186	0.0987670112	0.5014933588	0.0982287251
3.0400000000	0.5020326995	0.0975685778	0.5019829329	0.0968583161
3.0500000000	0.5025066858	0.0959845878	0.5024651361	0.0951056516
3.0600000000	0.5029693820	0.0940213081	0.5029380405	0.0929776486
3.0700000000	0.5034189323	0.0916865054	0.5033997501	0.0904827052
3.0800000000	0.5038535287	0.0889894154	0.5038484086	0.0876306680
3.0900000000	0.5042714179	0.0859407059	0.5042822074	0.0844327926
3.1000000000	0.5046709096	0.0825524347	0.5046993933	0.0809016994
3.1100000000	0.5050503834	0.0788380014	0.5050982760	0.0770513243
3.1200000000	0.5054082959	0.0748120941	0.5054772356	0.0728968627
3.1300000000	0.5057431878	0.0704906312	0.5058347295	0.0684547106
3.1400000000	0.5060536901	0.0658906981	0.5061692996	0.0637423990
3.1500000000	0.5063385302	0.0610304792	0.5064795784	0.0587785252
3.1600000000	0.5065965381	0.0559291860	0.5067642953	0.0535826795
3.1700000000	0.5068266514	0.0506069807	0.5070222825	0.0481753674
3.1800000000	0.5070279202	0.0450848963	0.5072524802	0.0425779292
3.1900000000	0.5071995118	0.0393847532	0.5074539413	0.0368124553
3.2000000000	0.5073407142	0.0335290727	0.5076258361	0.0309016994
3.2100000000	0.5074509400	0.0275409879	0.5077674556	0.0248689887
3.2200000000	0.5075297287	0.0214441520	0.5078782155	0.0187381315
3.2300000000	0.5075767490	0.0152626448	0.5079576583	0.0125333234
3.2400000000	0.5075918010	0.0090208775	0.5080054557	0.0062790520
3.2500000000	0.5075748164	0.0027434962	0.5080214102	-0.0000000000
3.2600000000	0.5075258596	-0.0035447156	0.5080054557	-0.0062790520
3.2700000000	0.5074451271	-0.0098189348	0.5079576583	-0.0125333234
3.2800000000	0.5073329467	-0.0160543966	0.5078782155	-0.0187381315
3.2900000000	0.5071897765	-0.0222264922	0.5077674556	-0.0248689887
3.3000000000	0.5070162023	-0.0283108658	0.5076258361	-0.0309016994
3.3100000000	0.5068129352	-0.0342835109	0.5074539413	-0.0368124553
3.3200000000	0.5065808084	-0.0401208644	0.5072524802	-0.0425779292
3.3300000000	0.5063207734	-0.0457998996	0.5070222825	-0.0481753674
3.3400000000	0.5060338958	-0.0512982169	0.5067642953	-0.0535826795
3.3500000000	0.5057213503	-0.0565941316	0.5064795784	-0.0587785252
3.3600000000	0.5053844154	-0.0616667597	0.5061692996	-0.0637423990
3.3700000000	0.5050244678	-0.0664960994	0.5058347295	-0.0684547106
3.3800000000	0.5046429762	-0.0710631099	0.5054772356	-0.0728968627
3.3900000000	0.5042414944	-0.0753497865	0.5050982760	-0.0770513243
3.4000000000	0.5038216551	-0.0793392307	0.5046993933	-0.0809016994
3.4100000000	0.5033851620	-0.0830157169	0.5042822074	-0.0844327926
3.4200000000	0.5029337828	-0.0863647542	0.5038484086	-0.0876306680
3.4300000000	0.5024693414	-0.0893731428	0.5033997501	-0.0904827052
3.4400000000	0.5019937099	-0.0920290262	0.5029380405	-0.0929776486
3.4500000000	0.5015088009	-0.0943219375	0.5024651361	-0.0951056516
3.4600000000	0.5010165590	-0.0962428405	0.5019829329	-0.0968583161
3.4700000000	0.5005189532	-0.0977841648	0.5014933588	-0.0982287251
3.4800000000	0.5000179682	-0.0989398361	0.5009983656	-0.0992114701
3.4900000000	0.4995155967	-0.0997052996	0.5004999208	-0.0998026728
3.5000000000	0.4990138307	-0.1000775378	0.5000000000	-0.1000000000
3.5100000000	0.4985146545	-0.1000550826	0.4995005785	-0.0998026728
3.5200000000	0.4980200359	-0.0996380209	0.4990036239	-0.0992114701
3.5300000000	0.4975319189	-0.0988279944	0.4985110881	-0.0982287251
3.5400000000	0.4970522161	-0.0976281929	0.4980249001	-0.0968583161
3.5500000000	0.4965828015	-0.0960433424	0.4975469581	-0.0951056516
3.5600000000	0.4961255033	-0.0940796861	0.4970791228	-0.0929776486
3.5700000000	0.4956820973	-0.0917449601	0.4966232104	-0.0904827052
3.5800000000	0.4952542999	-0.0890483632	0.4961809856	-0.0876306680
3.5900000000	0.4948437625	-0.0860005208	0.4957541557	-0.0844327926
3.6000000000	0.4944520650	-0.0826134435	0.4953443640	-0.0809016994
3.6100000000	0.4940807108	-0.0789004795	0.4949531841	-0.0770513243
3.6200000000	0.4937311209	-0.0748762628	0.4945821145	-0.0728968627
3.6300000000	0.4934046296	-0.0705566557	0.4942325732	-0.0684547106
3.6400000000	0.4931024795	-0.0659586862	0.4939058931	-0.0637423990
3.6500000000	0.4928258176	-0.0611004818	0.4936033172	-0.0587785252
3.6600000000	0.4925756915	-0.0560011976	0.4933259946	-0.0535826795
3.6700000000	0.4923530457	-0.0506809418	0.4930749764	-0.0481753674
3.6800000000	0.4921587190	-0.0451606961	0.4928512127	-0.0425779292
3.6900000000	0.4919934414	-0.0394622335	0.4926555489	-0.0368124553
3.7000000000	0.4918578318	-0.0336080326	0.4924887235	-0.0309016994
3.7100000000	0.4917523965	-0.0276211890	0.4923513653	-0.0248689887
3.7200000000	0.4916775273	-0.0215253247	0.4922439915	-0.0187381315
3.7300000000	0.4916335004	-0.0153444948	0.4921670063	-0.0125333234
3.7400000000	0.4916204757	-0.0091030926	0.4921206991	-0.0062790520
3.7500000000	0.4916384964	-0.0028257539	0.4921052440	-0.0000000000
3.7600000000	0.4916874889	0.0034627409	0.4921206991	0.0062790520
3.7700000000	0.4917672630	0.0097375640	0.4921670063	0.0125333234
3.7800000000	0.4918775129	0.0159739385	0.4922439915	0.0187381315
3.7900000000	0.4920178181	0.0221472363	0.4923513653	0.0248689887
3.8000000000	0.4921876448	0.0282330753	0.4924887235	0.0309016994
3.8100000000	0.4923863479	0.0342074161	0.4926555489	0.0368124553
3.8200000000	0.4926131730	0.0400466570	0.4928512127	0.0425779292
3.8300000000	0.4928672588	0.0457277272	0.4930749764	0.0481753674
3.8400000000	0.4931476403	0.0512281784	0.4933259946	0.0535826795
3.8500000000	0.4934532518	0.0565262738	0.4936033172	0.0587785252
3.8600000000	0.4937829305	0.0616010742	0.4939058931	0.0637423990
3.8700000000	0.4941354206	0.0664325208	0.4942325732	0.0684547106
3.8800000000	0.4945093772	0.0710015151	0.4945821145	0.0728968627
3.8900000000	0.4949033711	0.0752899945	0.4949531841	0.0770513243
3.9000000000	0.4953158939	0.0792810041	0.4953443640	0.0809016994
3.9100000000	0.4957453629	0.0829587639	0.4957541557	0.0844327926
3.9200000000	0.4961901268	0.0863087318	0.4961809856	0.0876306680
3.9300000000	0.4966484715	0.0893176607	0.4966232104	0.0904827052
3.9400000000	0.4971186262	0.0919736519	0.4970791228	0.0929776486
3.9500000000	0.4975987699	0.0942662019	0.4975469581	0.0951056516
3.9600000000	0.4980870378	0.0961862445	0.4980249001	0.0968583161
3.9700000000	0.4985815284	0.0977261864	0.4985110881	0.0982287251
3.9800000000	0.4990803106	0.0988799377	0.4990036239	0.0992114701
3.9900000000	0.4995814309	0.0996429362	0.4995005785	0.0998026728
4.0000000000	0.5000829208	0.1000121651	0.5000000000	0.1000000000
4.0100000000	0.5005828046	0.0999861655	0.5004999208	0.0998026728
4.0200000000	0.5010791069	0.0995650418	0.5009983656	0.0992114701
4.0300000000	0.5015698607	0.0987504613	0.5014933588	0.0982287251
4.0400000000	0.5020531151	0.0975456479	0.5019829329	0.0968583161
4.0500000000	0.5025269433	0.0959553686	0.5024651361	0.0951056516
4.0600000000	0.5029894504	0.0939859151	0.5029380405	0.0929776486
4.0700000000	0.5034387812	0.0916450787	0.5033997501	0.0904827052
4.0800000000	0.5038731285	0.0889421188	0.5038484086	0.0876306680
4.0900000000	0.5042907400	0.0858877265	0.5042822074	0.0844327926
4.1000000000	0.5046899264	0.0824939821	0.5046993933	0.0809016994
4.1100000000	0.5050690685	0.0787743067	0.5050982760	0.0770513243
4.1200000000	0.5054266242	0.0747434091	0.5054772356	0.0728968627
4.1300000000	0.5057611354	0.0704172275	0.5058347295	0.0684547106
4.1400000000	0.5060712348	0.0658128659	0.5061692996	0.0637423990
4.1500000000	0.5063556514	0.0609485261	0.5064795784	0.0587785252
4.1600000000	0.5066132168	0.0558434360	0.5067642953	0.0535826795
4.1700000000	0.5068428704	0.0505177727	0.5070222825	0.0481753674
4.1800000000	0.5070436642	0.0449925829	0.5072524802	0.0425779292
4.1900000000	0.5072147674	0.0392896990	0.5074539413	0.0368124553
4.2000000000	0.5073554701	0.0334316534	0.5076258361	0.0309016994
4.2100000000	0.5074651868	0.0274415882	0.5077674556	0.0248689887
4.2200000000	0.5075434590	0.0213431645	0.5078782155	0.0187381315
4.2300000000	0.5075899579	0.0151604684	0.5079576583	0.0125333234
4.2400000000	0.5076044854	0.0089179157	0.5080054557	0.0062790520
4.2500000000	0.5075869755	0.0026401555	0.5080214102	-0.0000000000
4.2600000000	0.5075374948	-0.0036480273	0.5080054557	-0.0062790520
4.2700000000	0.5074562419	-0.0099218097	0.5079576583	-0.0125333234
4.2800000000	0.5073435468	-0.0161564286	0.5078782155	-0.0187381315
4.2900000000	0.5071998697	-0.0223272786	0.5077674556	-0.0248689887
4.3000000000	0.5070257985	-0.0284100090	0.5076258361	-0.0309016994
4.3100000000	0.5068220463	-0.0343806197	0.5074539413	-0.0368124553
4.3200000000	0.5065894484	-0.0402155557	0.5072524802	-0.0425779292
4.3300000000	0.5063289582	-0.0458917999	0.5070222825	-0.0481753674
4.3400000000	0.5060416431	-0.0513869638	0.5067642953	-0.0535826795
4.3500000000	0.5057286795	-0.0566793751	0.5064795784	-0.0587785252
4.3600000000	0.5053913478	-0.0617481636	0.5061692996	-0.0637423990
4.3700000000	0.5050310261	-0.0665733427	0.5058347295	-0.0684547106
4.3800000000	0.5046491846	-0.0711358882	0.5054772356	-0.0728968627
4.3900000000	0.5042473787	-0.0754178128	0.5050982760	-0.0770513243
4.4000000000	0.5038272421	-0.0794022369	0.5046993933	-0.0809016994
4.4100000000	0.5033904799	-0.0830734546	0.5042822074	-0.0844327926
4.4200000000	0.5029388606	-0.0864169959	0.5038484086	-0.0876306680
4.4300000000	0.5024742091	-0.0894196825	0.5033997501	-0.0904827052
4.4400000000	0.5019983982	-0.0920696806	0.5029380405	-0.0929776486
4.4500000000	0.5015133413	-0.0943565463	0.5024651361	-0.0951056516
4.4600000000	0.5010209834	-0.0962712673	0.5019829329	-0.0968583161
4.4700000000	0.5005232938	-0.0978062976	0.5014933588	-0.0982287251
4.4800000000	0.5000222576	-0.0989555877	0.5009983656	-0.0992114701
4.4900000000	0.4995198675	-0.0997146079	0.5004999208	-0.0998026728
4.5000000000	0.4990181156	-0.1000803660	0.5000000000	-0.1000000000
4.5100000000	0.4985189859	-0.1000514197	0.4995005785	-0.0998026728
4.5200000000	0.4980244460	-0.0996278812	0.4990036239	-0.0992114701
4.5300000000	0.4975364394	-0.0988114178	0.4985110881	-0.0982287251
4.5400000000	0.4970568783	-0.0976052447	0.4980249001	-0.0968583161
4.5500000000	0.4965876361	-0.0960141131	0.4975469581	-0.0951056516
4.5600000000	0.4961305401	-0.0940442907	0.4970791228	-0.0929776486
4.5700000000	0.4956873651	-0.0917035381	0.4966232104	-0.0904827052
4.5800000000	0.4952598269	-0.0890010779	0.4961809856	-0.0876306680
4.5900000000	0.4948495755	-0.0859475585	0.4957541557	-0.0844327926
4.6000000000	0.4944581898	-0.0825550128	0.4953443640	-0.0809016994
4.6100000000	0.4940871718	-0.0788368108	0.4949531841	-0.0770513243
4.6200000000	0.4937379413	-0.0748076070	0.4945821145	-0.0728968627
4.6300000000	0.4934118310	-0.0704832835	0.4942325732	-0.0684547106
4.6400000000	0.4931100821	-0.0658808868	0.4939058931	-0.0637423990
4.6500000000	0.4928338401	-0.0610185619	0.4936033172	-0.0587785252
4.6600000000	0.4925841508	-0.0559154803	0.4933259946	-0.0535826795
4.6700000000	0.4923619571	-0.0505917651	0.4930749764	-0.0481753674
4.6800000000	0.4921680960	-0.0450684117	0.4928512127	-0.0425779292
4.6900000000	0.4920032958	-0.0393672053	0.4926555489	-0.0368124553
4.7000000000	0.4918681735	-0.0335106356	0.4924887235	-0.0309016994
4.7100000000	0.4917632336	-0.0275218074	0.4923513653	-0.0248689887
4.7200000000	0.4916888661	-0.0214243508	0.4922439915	-0.0187381315
4.7300000000	0.4916453452	-0.0152423269	0.4921670063	-0.0125333234
4.7400000000	0.4916328289	-0.0090001341	0.4921206991	-0.0062790520
4.7500000000	0.4916513585	-0.0027224111	0.4921052440	-0.0000000000
4.7600000000	0.4917008585	0.0035660600	0.4921206991	0.0062790520
4.7700000000	0.4917811367	0.0098404514	0.4921670063	0.0125333234
4.7800000000	0.4918918856	0.0160759879	0.4922439915	0.0187381315
4.7900000000	0.4920326826	0.0222480447	0.4923513653	0.0248689887
4.8000000000	0.4922029923	0.0283322445	0.4924887235	0.0309016994
4.8100000000	0.4924021675	0.0343045545	0.4926555489	0.0368124553
4.8200000000	0.4926294522	0.0401413806	0.4928512127	0.0425779292
4.8300000000	0.4928839832	0.0458196619	0.4930749764	0.0481753674
4.8400000000	0.4931647940	0.0513169608	0.4933259946	0.0535826795
4.8500000000	0.4934708171	0.0566115531	0.4936033172	0.0587785252
4.8600000000	0.4938008882	0.0616825133	0.4939058931	0.0637423990
4.8700000000	0.4941537498	0.0665097978	0.4942325732	0.0684547106
4.8800000000	0.4945280558	0.0710743245	0.4945821145	0.0728968627
4.8900000000	0.4949223755	0.0753580485	0.4949531841	0.0770513243
4.9000000000	0.4953351992	0.0793440336	0.4953443640	0.0809016994
4.9100000000	0.4957649430	0.0830165198	0.4957541557	0.0844327926
4.9200000000	0.4962099544	0.0863609855	0.4961809856	0.0876306680
4.9300000000	0.4966685184	0.0893642057	0.4966232104	0.0904827052
4.9400000000	0.4971388633	0.0920143041	0.4970791228	0.0929776486
4.9500000000	0.4976191671	0.0943008006	0.4975469581	0.0951056516
4.9600000000	0.4981075645	0.0962146528	0.4980249001	0.0968583161
4.9700000000	0.4986021534	0.0977482919	0.4985110881	0.0982287251
4.9800000000	0.4991010021	0.0988956531	0.4990036239	0.0992114701
4.9900000000	0.4996021567	0.0996521993	0.4995005785	0.0998026728
5.0000000000	0.5001036487	0.1000149394	0.5000000000	0.1000000000
5.0100000000	0.5006035020	0.0999824399	0.5004999208	0.0998026728
5.0200000000	0.5010997415	0.0995548311	0.5009983656	0.0992114701
5.0300000000	0.5015904003	0.0987338060	0.5014933588	0.0982287251
5.0400000000	0.5020735276	0.0975226137	0.5019829329	0.0968583161
5.0500000000	0.5025471972	0.0959260468	0.5024651361	0.0951056516
5.0600000000	0.5030095146	0.0939504218	0.5029380405	0.0929776486
5.0700000000	0.5034586255	0.0916035541	0.5033997501	0.0904827052
5.0800000000	0.5038927232	0.0888947272	0.5038484086	0.0876306680
5.0900000000	0.5043100566	0.0858346554	0.5042822074	0.0844327926
5.1000000000	0.5047089372	0.0824354414	0.5046993933	0.0809016994
5.1100000000	0.5050877471	0.0787105278	0.5050982760	0.0770513243
5.1200000000	0.5054449455	0.0746746443	0.5054772356	0.0728968627
5.1300000000	0.5057790758	0.0703437486	0.5058347295	0.0684547106
5.1400000000	0.5060887719	0.0657349634	0.5061692996	0.0637423990
5.1500000000	0.5063727646	0.0608665080	0.5064795784	0.0587785252
5.1600000000	0.5066298872	0.0557576265	0.5067642953	0.0535826795
5.1700000000	0.5068590809	0.0504285109	0.5070222825	0.0481753674
5.1800000000	0.5070593995	0.0449002214	0.5072524802	0.0425779292
5.1900000000	0.5072300141	0.0391946030	0.5074539413	0.0368124553
5.2000000000	0.5073702168	0.0333341983	0.5076258361	0.0309016994
5.2100000000	0.5074794242	0.0273421592	0.5077674556	0.0248689887
5.2200000000	0.5075571800	0.0212421543	0.5078782155	0.0187381315
5.2300000000	0.5076031573	0.0150582759	0.5079576583	0.0125333234
5.2400000000	0.5076171603	0.0088149444	0.5080054557	0.0062790520
5.2500000000	0.5075991251	0.0025368119	0.5080214102	-0.0000000000
5.2600000000	0.5075491205	-0.0037513351	0.5080054557	-0.0062790520
5.2700000000	0.5074673472	-0.0100246739	0.5079576583	-0.0125333234
5.2800000000	0.5073541376	-0.0162584433	0.5078782155	-0.0187381315
5.2900000000	0.5072099537	-0.0224280412	0.5077674556	-0.0248689887
5.3000000000	0.5070353856	-0.0285091219	0.5076258361	-0.0309016994
5.3100000000	0.5068311486	-0.0344776919	0.5074539413	-0.0368124553
5.3200000000	0.5065980798	-0.0403102042	0.5072524802	-0.0425779292
5.3300000000	0.5063371346	-0.0459836514	0.5070222825	-0.0481753674
5.3400000000	0.5060493823	-0.0514756559	0.5067642953	-0.0535826795
5.3500000000	0.5057360010	-0.0567645581	0.5064795784	-0.0587785252
5.3600000000	0.5053982728	-0.0618295017	0.5061692996	-0.0637423990
5.3700000000	0.5050375774	-0.0666505151	0.5058347295	-0.0684547106
5.3800000000	0.5046553865	-0.0712085907	0.5054772356	-0.0728968627
5.3900000000	0.5042532568	-0.0754857587	0.5050982760	-0.0770513243
5.4000000000	0.5038328234	-0.0794651584	0.5046993933	-0.0809016994
5.4100000000	0.5033957924	-0.0831311038	0.5042822074	-0.0844327926
5.4200000000	0.5029439335	-0.0864691454	0.5038484086	-0.0876306680
5.4300000000	0.5024790724	-0.0894661269	0.5033997501	-0.0904827052
5.4400000000	0.5020030827	-0.0921102368	0.5029380405	-0.0929776486
5.4500000000	0.5015178783	-0.0943910545	0.5024651361	-0.0951056516
5.4600000000	0.5010254049	-0.0962995914	0.5019829329	-0.0968583161
5.4700000000	0.5005276322	-0.0978283261	0.5014933588	-0.0982287251
5.4800000000	0.5000265453	-0.0989712338	0.5009983656	-0.0992114701
5.4900000000	0.4995241371	-0.0997238098	0.5004999208	-0.0998026728
5.5000000000	0.4990223998	-0.1000830876	0.5000000000	-0.1000000000
5.5100000000	0.4985233172	-0.1000476500	0.4995005785	-0.0998026728
5.5200000000	0.4980288564	-0.0996176352	0.4990036239	-0.0992114701
5.5300000000	0.4975409609	-0.0987947358	0.4985110881	-0.0982287251
5.5400000000	0.4970615420	-0.0975821925	0.4980249001	-0.0968583161
5.5500000000	0.4965924726	-0.0959847814	0.4975469581	-0.0951056516
5.5600000000	0.4961355792	-0.0940087951	0.4970791228	-0.0929776486
5.5700000000	0.4956926359	-0.0916620184	0.4966232104	-0.0904827052
5.5800000000	0.4952653573	-0.0889536977	0.4961809856	-0.0876306680
5.5900000000	0.4948553924	-0.0858945045	0.4957541557	-0.0844327926
5.6000000000	0.4944643189	-0.0824964941	0.4953443640	-0.0809016994
5.6100000000	0.4940936375	-0.0787730580	0.4949531841	-0.0770513243
5.6200000000	0.4937447667	-0.0747388715	0.4945821145	-0.0728968627
5.6300000000	0.4934190378	-0.0704098361	0.4942325732	-0.0684547106
5.6400000000	0.4931176904	-0.0658030171	0.4939058931	-0.0637423990
5.6500000000	0.4928418685	-0.0609365769	0.4936033172	-0.0587785252
5.6600000000	0.4925926163	-0.0558297033	0.4933259946	-0.0535826795
5.6700000000	0.4923708750	-0.0505025343	0.4930749764	-0.0481753674
5.6800000000	0.4921774798	-0.0449760791	0.4928512127	-0.0425779292
5.6900000000	0.4920131571	-0.0392721352	0.4926555489	-0.0368124553
5.7000000000	0.4918785223	-0.0334132028	0.4924887235	-0.0309016994
5.7100000000	0.4917740780	-0.0274223966	0.4923513653	-0.0248689887
5.7200000000	0.4917002122	-0.0213233540	0.4922439915	-0.0187381315
5.7300000000	0.4916571973	-0.0151401428	0.4921670063	-0.0125333234
5.7400000000	0.4916451895	-0.0088971660	0.4921206991	-0.0062790520
5.7500000000	0.4916642280	-0.0026190654	0.4921052440	-0.0000000000
5.7600000000	0.4917142354	0.0036693752	0.4921206991	0.0062790520
5.7700000000	0.4917950178	0.0099433282	0.4921670063	0.0125333234
5.7800000000	0.4919062655	0.0161780201	0.4922439915	0.0187381315
5.7900000000	0.4920475543	0.0223488293	0.4923513653	0.0248689887
5.8000000000	0.4922183467	0.0284313835	0.4924887235	0.0309016994
5.8100000000	0.4924179939	0.0344016562	0.4926555489	0.0368124553
5.8200000000	0.4926457379	0.0402360614	0.4928512127	0.0425779292
5.8300000000	0.4929007140	0.0459115476	0.4930749764	0.0481753674
5.8400000000	0.4931819538	0.0514056885	0.4933259946	0.0535826795
5.8500000000	0.4934883882	0.0566967720	0.4936033172	0.0587785252
5.8600000000	0.4938188513	0.0617638866	0.4939058931	0.0637423990
5.8700000000	0.4941720842	0.0665870038	0.4942325732	0.0684547106
5.8800000000	0.4945467391	0.0711470581	0.4945821145	0.0728968627
5.8900000000	0.4949413842	0.0754260221	0.4949531841	0.0770513243
5.9000000000	0.4953545084	0.0794069784	0.4953443640	0.0809016994
5.9100000000	0.4957845265	0.0830741869	0.4957541557	0.0844327926
5.9200000000	0.4962297851	0.0864131470	0.4961809856	0.0876306680
5.9300000000	0.4966885679	0.0894106553	0.4966232104	0.0904827052
5.9400000000	0.4971591025	0.0920548581	0.4970791228	0.0929776486
5.9500000000	0.4976395660	0.0943352986	0.4975469581	0.0951056516
5.9600000000	0.4981280924	0.0962429583	0.4980249001	0.0968583161
5.9700000000	0.4986227789	0.0977702931	0.4985110881	0.0982287251
5.9800000000	0.4991216936	0.0989112629	0.4990036239	0.0992114701
5.9900000000	0.4996228821	0.0996613560	0.4995005785	0.0998026728
6.0000000000	0.5001243755	0.1000176068	0.5000000000	0.1000000000
6.0100000000	0.5006241980	0.0999786075	0.5004999208	0.0998026728
6.0200000000	0.5011203741	0.0995445141	0.5009983656	0.0992114701
6.0300000000	0.5016109373	0.0987170452	0.5014933588	0.0982287251
6.0400000000	0.5020939371	0.0974994755	0.5019829329	0.0968583161
6.0500000000	0.5025674475	0.0958966226	0.5024651361	0.0951056516
6.0600000000	0.5030295748	0.0939148281	0.5029380405	0.0929776486
6.0700000000	0.5034784652	0.0915619317	0.5033997501	0.0904827052
6.0800000000	0.5039123129	0.0888472407	0.5038484086	0.0876306680
6.0900000000	0.5043293676	0.0857814927	0.5042822074	0.0844327926
6.1000000000	0.5047279420	0.0823768126	0.5046993933	0.0809016994
6.1100000000	0.5051064193	0.0786466649	0.5050982760	0.0770513243
6.1200000000	0.5054632600	0.0746057997	0.5054772356	0.0728968627
6.1300000000	0.5057970089	0.0702701946	0.5058347295	0.0684547106
6.1400000000	0.5061063014	0.0656569907	0.5061692996	0.0637423990
6.1500000000	0.5063898699	0.0607844250	0.5064795784	0.0587785252
6.1600000000	0.5066465494	0.0556717574	0.5067642953	0.0535826795
6.1700000000	0.5068752828	0.0503391952	0.5070222825	0.0481753674
6.1800000000	0.5070751259	0.0448078121	0.5072524802	0.0425779292
6.1900000000	0.5072452517	0.0390994650	0.5074539413	0.0368124553
6.2000000000	0.5073849543	0.0332367077	0.5076258361	0.0309016994
6.2100000000	0.5074936523	0.0272427010	0.5077674556	0.0248689887
6.2200000000	0.5075708915	0.0211411214	0.5078782155	0.0187381315
6.2300000000	0.5076163471	0.0149560673	0.5079576583	0.0125333234
6.2400000000	0.5076298255	0.0087119636	0.5080054557	0.0062790520
6.2500000000	0.5076112651	0.0024334657	0.5080214102	-0.0000000000
6.2600000000	0.5075607366	-0.0038546389	0.5080054557	-0.0062790520
6.2700000000	0.5074784431	-0.0101275275	0.5079576583	-0.0125333234
6.2800000000	0.5073647189	-0.0163604406	0.5078782155	-0.0187381315
6.2900000000	0.5072200284	-0.0225287798	0.5077674556	-0.0248689887
6.3000000000	0.5070449637	-0.0286082044	0.5076258361	-0.0309016994
6.3100000000	0.5068402420	-0.0345747272	0.5074539413	-0.0368124553
6.3200000000	0.5066067026	-0.0404048096	0.5072524802	-0.0425779292
6.3300000000	0.5063453026	-0.0460754537	0.5070222825	-0.0481753674
6.3400000000	0.5060571133	-0.0515642931	0.5067642953	-0.0535826795
6.3500000000	0.5057433147	-0.0568496806	0.5064795784	-0.0587785252
6.3600000000	0.5054051903	-0.0619107738	0.5061692996	-0.0637423990
6.3700000000	0.5050441216	-0.0667276165	0.5058347295	-0.0684547106
6.3800000000	0.5046615817	-0.0712812172	0.5054772356	-0.0728968627
6.3900000000	0.5042591287	-0.0755536242	0.5050982760	-0.0770513243
6.4000000000	0.5038383990	-0.0795279953	0.5046993933	-0.0809016994
6.4100000000	0.5034010997	-0.0831886643	0.5042822074	-0.0844327926
6.4200000000	0.5029490017	-0.0865212028	0.5038484086	-0.0876306680
6.4300000000	0.5024839314	-0.0895124760	0.5033997501	-0.0904827052
6.4400000000	0.5020077634	-0.0921506948	0.5029380405	-0.0929776486
6.4500000000	0.5015224121	-0.0944254621	0.5024651361	-0.0951056516
6.4600000000	0.5010298237	-0.0963278130	0.5019829329	-0.0968583161
6.4700000000	0.5005319683	-0.0978502504	0.5014933588	-0.0982287251
6.4800000000	0.5000308313	-0.0989867744	0.5009983656	-0.0992114701
6.4900000000	0.4995284056	-0.0997329055	0.5004999208	-0.0998026728
6.5000000000	0.4990266834	-0.1000857025	0.5000000000	-0.1000000000
6.5100000000	0.4985276483	-0.1000437738	0.4995005785	-0.0998026728
6.5200000000	0.4980332673	-0.0996072831	0.4990036239	-0.0992114701
6.5300000000	0.4975454833	-0.0987779486	0.4985110881	-0.0982287251
6.5400000000	0.4970662072	-0.0975590363	0.4980249001	-0.0968583161
6.5500000000	0.4965973111	-0.0959553473	0.4975469581	-0.0951056516
6.5600000000	0.4961406209	-0.0939731992	0.4970791228	-0.0929776486
6.5700000000	0.4956979097	-0.0916204010	0.4966232104	-0.0904827052
6.5800000000	0.4952708910	-0.0889062226	0.4961809856	-0.0876306680
6.5900000000	0.4948612130	-0.0858413589	0.4957541557	-0.0844327926
6.6000000000	0.4944704521	-0.0824378875	0.4953443640	-0.0809016994
6.6100000000	0.4941001078	-0.0787092213	0.4949531841	-0.0770513243
6.6200000000	0.4937515971	-0.0746700562	0.4945821145	-0.0728968627
6.6300000000	0.4934262499	-0.0703363136	0.4942325732	-0.0684547106
6.6400000000	0.4931253045	-0.0657250772	0.4939058931	-0.0637423990
6.6500000000	0.4928499030	-0.0608545269	0.4936033172	-0.0587785252
6.6600000000	0.4926010881	-0.0557438668	0.4933259946	-0.0535826795
6.6700000000	0.4923797994	-0.0504132497	0.4930749764	-0.0481753674
6.6800000000	0.4921868702	-0.0448836986	0.4928512127	-0.0425779292
6.6900000000	0.4920230253	-0.0391770231	0.4926555489	-0.0368124553
6.7000000000	0.4918888782	-0.0333157345	0.4924887235	-0.0309016994
6.7100000000	0.4917849296	-0.0273229564	0.4923513653	-0.0248689887
6.7200000000	0.4917115657	-0.0212223344	0.4922439915	-0.0187381315
6.7300000000	0.4916690569	-0.0150379426	0.4921670063	-0.0125333234
6.7400000000	0.4916575575	-0.0087941884	0.4921206991	-0.0062790520
6.7500000000	0.4916771050	-0.0025157170	0.4921052440	-0.0000000000
6.7600000000	0.4917276198	0.0037726865	0.4921206991	0.0062790520
6.7700000000	0.4918089062	0.0100461945	0.4921670063	0.0125333234
6.7800000000	0.4919206527	0.0162800351	0.4922439915	0.0187381315
6.7900000000	0.4920624331	0.0224495901	0.4923513653	0.0248689887
6.8000000000	0.4922337081	0.0285304922	0.4924887235	0.0309016994
6.8100000000	0.4924338271	0.0344987211	0.4926555489	0.0368124553
6.8200000000	0.4926620303	0.0403306993	0.4928512127	0.0425779292
6.8300000000	0.4929174512	0.0460033844	0.4930749764	0.0481753674
6.8400000000	0.4931991196	0.0514943612	0.4933259946	0.0535826795
6.8500000000	0.4935059651	0.0567819303	0.4936033172	0.0587785252
6.8600000000	0.4938368199	0.0618451939	0.4939058931	0.0637423990
6.8700000000	0.4941904237	0.0666641388	0.4942325732	0.0684547106
6.8800000000	0.4945654273	0.0712197157	0.4945821145	0.0728968627
6.8900000000	0.4949603973	0.0754939151	0.4949531841	0.0770513243
6.9000000000	0.4953738216	0.0794698385	0.4953443640	0.0809016994
6.9100000000	0.4958041136	0.0831317654	0.4957541557	0.0844327926
6.9200000000	0.4962496188	0.0864652162	0.4961809856	0.0876306680
6.9300000000	0.4967086201	0.0894570094	0.4966232104	0.0904827052
6.9400000000	0.4971793438	0.0920953137	0.4970791228	0.0929776486
6.9500000000	0.4976599665	0.0943696958	0.4975469581	0.0951056516
6.9600000000	0.4981486213	0.0962711611	0.4980249001	0.0968583161
6.9700000000	0.4986434051	0.0977921898	0.4985110881	0.0982287251
6.9800000000	0.4991423852	0.0989267671	0.4990036239	0.0992114701
6.9900000000	0.4996436070	0.0996704063	0.4995005785	0.0998026728
7.0000000000	0.5001451014	0.1000201674	0.5000000000	0.1000000000
7.0100000000	0.5006448924	0.0999746684	0.5004999208	0.0998026728
7.0200000000	0.5011410047	0.0995340907	0.5009983656	0.0992114701
7.0300000000	0.5016314717	0.0987001789	0.5014933588	0.0982287251
7.0400000000	0.5021143434	0.0974762330	0.5019829329	0.0968583161
7.0500000000	0.5025876942	0.0958670960	0.5024651361	0.0951056516
7.0600000000	0.5030496308	0.0938791340	0.5029380405	0.0929776486
7.0700000000	0.5034983002	0.0915202115	0.5033997501	0.0904827052
7.0800000000	0.5039318974	0.0887996593	0.5038484086	0.0876306680
7.0900000000	0.5043486730	0.0857282383	0.5042822074	0.0844327926
7.1000000000	0.5047469408	0.0823180959	0.5046993933	0.0809016994
7.1100000000	0.5051250851	0.0785827180	0.5050982760	0.0770513243
7.1200000000	0.5054815677	0.0745368755	0.5054772356	0.0728968627
7.1300000000	0.5058149347	0.0701965656	0.5058347295	0.0684547106
7.1400000000	0.5061238233	0.0655789480	0.5061692996	0.0637423990
7.1500000000	0.5064069672	0.0607022770	0.5064795784	0.0587785252
7.1600000000	0.5066632033	0.0555858289	0.5067642953	0.0535826795
7.1700000000	0.5068914762	0.0502498257	0.5070222825	0.0481753674
7.1800000000	0.5070908436	0.0447153548	0.5072524802	0.0425779292
7.1900000000	0.5072604804	0.0390042854	0.5074539413	0.0368124553
7.2000000000	0.5073996827	0.0331391816	0.5076258361	0.0309016994
7.2100000000	0.5075078711	0.0271432138	0.5077674556	0.0248689887
7.2200000000	0.5075845936	0.0210400659	0.5078782155	0.0187381315
7.2300000000	0.5076295275	0.0148538427	0.5079576583	0.0125333234
7.2400000000	0.5076424813	0.0086089736	0.5080054557	0.0062790520
7.2500000000	0.5076233955	0.0023301168	0.5080214102	-0.0000000000
7.2600000000	0.5075723432	-0.0039579386	0.5080054557	-0.0062790520
7.2700000000	0.5074895295	-0.0102303702	0.5079576583	-0.0125333234
7.2800000000	0.5073752909	-0.0164624206	0.5078782155	-0.0187381315
7.2900000000	0.5072300939	-0.0226294945	0.5077674556	-0.0248689887
7.3000000000	0.5070545327	-0.0287072563	0.5076258361	-0.0309016994
7.3100000000	0.5068493265	-0.0346717257	0.5074539413	-0.0368124553
7.3200000000	0.5066153167	-0.0404993720	0.5072524802	-0.0425779292
7.3300000000	0.5063534623	-0.0461672070	0.5070222825	-0.0481753674
7.3400000000	0.5060648364	-0.0516528753	0.5067642953	-0.0535826795
7.3500000000	0.5057506206	-0.0569347425	0.5064795784	-0.0587785252
7.3600000000	0.5054121005	-0.0619919800	0.5061692996	-0.0637423990
7.3700000000	0.5050506588	-0.0668046467	0.5058347295	-0.0684547106
7.3800000000	0.5046677703	-0.0713537678	0.5054772356	-0.0728968627
7.3900000000	0.5042649944	-0.0756214091	0.5050982760	-0.0770513243
7.4000000000	0.5038439687	-0.0795907473	0.5046993933	-0.0809016994
7.4100000000	0.5034064017	-0.0832461362	0.5042822074	-0.0844327926
7.4200000000	0.5029540650	-0.0865731679	0.5038484086	-0.0876306680
7.4300000000	0.5024887861	-0.0895587296	0.5033997501	-0.0904827052
7.4400000000	0.5020124403	-0.0921910546	0.5029380405	-0.0929776486
7.4500000000	0.5015269426	-0.0944597690	0.5024651361	-0.0951056516
7.4600000000	0.5010342397	-0.0963559318	0.5019829329	-0.0968583161
7.4700000000	0.5005363022	-0.0978720704	0.5014933588	-0.0982287251
7.4800000000	0.5000351155	-0.0990022094	0.5009983656	-0.0992114701
7.4900000000	0.4995326729	-0.0997418948	0.5004999208	-0.0998026728
7.5000000000	0.4990309663	-0.1000882106	0.5000000000	-0.1000000000
7.5100000000	0.4985319794	-0.1000397909	0.4995005785	-0.0998026728
7.5200000000	0.4980376787	-0.0995968248	0.4990036239	-0.0992114701
7.5300000000	0.4975500067	-0.0987610560	0.4985110881	-0.0982287251
7.5400000000	0.4970708738	-0.0975357760	0.4980249001	-0.0968583161
7.5500000000	0.4966021515	-0.0959258110	0.4975469581	-0.0951056516
7.5600000000	0.4961456650	-0.0939375032	0.4970791228	-0.0929776486
7.5700000000	0.4957031863	-0.0915786859	0.4966232104	-0.0904827052
7.5800000000	0.4952764282	-0.0888586528	0.4961809856	-0.0876306680
7.5900000000	0.4948670375	-0.0857881219	0.4957541557	-0.0844327926
7.6000000000	0.4944765897	-0.0823791929	0.4953443640	-0.0809016994
7.6100000000	0.4941065828	-0.0786453006	0.4949531841	-0.0770513243
7.6200000000	0.4937584325	-0.0746011614	0.4945821145	-0.0728968627
7.6300000000	0.4934334675	-0.0702627161	0.4942325732	-0.0684547106
7.6400000000	0.4931329242	-0.0656470673	0.4939058931	-0.0637423990
7.6500000000	0.4928579435	-0.0607724121	0.4936033172	-0.0587785252
7.6600000000	0.4926095662	-0.0556579708	0.4933259946	-0.0535826795
7.6700000000	0.4923887303	-0.0503239114	0.4930749764	-0.0481753674
7.6800000000	0.4921962675	-0.0447912702	0.4928512127	-0.0425779292
7.6900000000	0.4920329005	-0.0390818693	0.4926555489	-0.0368124553
7.7000000000	0.4918992412	-0.0332182305	0.4924887235	-0.0309016994
7.7100000000	0.4917957885	-0.0272234871	0.4923513653	-0.0248689887
7.7200000000	0.4917229264	-0.0211212923	0.4922439915	-0.0187381315
7.7300000000	0.4916809239	-0.0149357263	0.4921670063	-0.0125333234
7.7400000000	0.4916699330	-0.0086912014	0.4921206991	-0.0062790520
7.7500000000	0.4916899893	-0.0024123658	0.4921052440	-0.0000000000
7.7600000000	0.4917410116	0.0038759938	0.4921206991	0.0062790520
7.7700000000	0.4918228020	0.0101490500	0.4921670063	0.0125333234
7.7800000000	0.4919350471	0.0163820327	0.4922439915	0.0187381315
7.7900000000	0.4920773190	0.0225503270	0.4923513653	0.0248689887
7.8000000000	0.4922490765	0.0286295704	0.4924887235	0.0309016994
7.8100000000	0.4924496671	0.0345957493	0.4926555489	0.0368124553
7.8200000000	0.4926783292	0.0404252940	0.4928512127	0.0425779292
7.8300000000	0.4929341946	0.0460951720	0.4930749764	0.0481753674
7.8400000000	0.4932162916	0.0515829790	0.4933259946	0.0535826795
7.8500000000	0.4935235477	0.0568670281	0.4936033172	0.0587785252
7.8600000000	0.4938547940	0.0619264352	0.4939058931	0.0637423990
7.8700000000	0.4942087683	0.0667412025	0.4942325732	0.0684547106
7.8800000000	0.4945841201	0.0712922972	0.4945821145	0.0728968627
7.8900000000	0.4949794148	0.0755617275	0.4949531841	0.0770513243
7.9000000000	0.4953931387	0.0795326136	0.4953443640	0.0809016994
7.9100000000	0.4958237042	0.0831892551	0.4957541557	0.0844327926
7.9200000000	0.4962694556	0.0865171931	0.4961809856	0.0876306680
7.9300000000	0.4967286748	0.0895032679	0.4966232104	0.0904827052
7.9400000000	0.4971995872	0.0921356710	0.4970791228	0.0929776486
7.9500000000	0.4976803686	0.0944039922	0.4975469581	0.0951056516
7.9600000000	0.4981691514	0.0962992610	0.4980249001	0.0968583161
7.9700000000	0.4986640318	0.0978139821	0.4985110881	0.0982287251
7.9800000000	0.4991630768	0.0989421656	0.4990036239	0.0992114701
7.9900000000	0.4996643314	0.0996793501	0.4995005785	0.0998026728
8.0000000000	0.5001658263	0.1000226212	0.5000000000	0.1000000000
8.0100000000	0.5006655853	0.0999706224	0.5004999208	0.0998026728
8.0200000000	0.5011616332	0.0995235611	0.5009983656	0.0992114701
8.0300000000	0.5016520035	0.0986832073	0.5014933588	0.0982287251
8.0400000000	0.5021347466	0.0974528865	0.5019829329	0.0968583161
8.0500000000	0.5026079372	0.0958374670	0.5024651361	0.0951056516
8.0600000000	0.5030696827	0.0938433398	0.5029380405	0.0929776486
8.0700000000	0.5035181306	0.0914783935	0.5033997501	0.0904827052
8.0800000000	0.5039514768	0.0887519831	0.5038484086	0.0876306680
8.0900000000	0.5043679728	0.0856748924	0.5042822074	0.0844327926
8.1000000000	0.5047659335	0.0822592912	0.5046993933	0.0809016994
8.1100000000	0.5051437444	0.0785186871	0.5050982760	0.0770513243
8.1200000000	0.5054998684	0.0744678717	0.5054772356	0.0728968627
8.1300000000	0.5058328533	0.0701228616	0.5058347295	0.0684547106
8.1400000000	0.5061413375	0.0655008352	0.5061692996	0.0637423990
8.1500000000	0.5064240566	0.0606200642	0.5064795784	0.0587785252
8.1600000000	0.5066798490	0.0554998410	0.5067642953	0.0535826795
8.1700000000	0.5069076611	0.0501604027	0.5070222825	0.0481753674
8.1800000000	0.5071065525	0.0446228499	0.5072524802	0.0425779292
8.1900000000	0.5072757001	0.0389090641	0.5074539413	0.0368124553
8.2000000000	0.5074144018	0.0330416202	0.5076258361	0.0309016994
8.2100000000	0.5075220806	0.0270436975	0.5077674556	0.0248689887
8.2200000000	0.5075982862	0.0209389880	0.5078782155	0.0187381315
8.2300000000	0.5076426983	0.0147516022	0.5079576583	0.0125333234
8.2400000000	0.5076551274	0.0085059744	0.5080054557	0.0062790520
8.2500000000	0.5076355164	0.0022267655	0.5080214102	0.0000000000
8.2600000000	0.5075839402	-0.0040612340	0.5080054557	-0.0062790520
8.2700000000	0.5075006064	-0.0103332021	0.5079576583	-0.0125333234
8.2800000000	0.5073858535	-0.0165643829	0.5078782155	-0.0187381315
8.2900000000	0.5072401501	-0.0227301850	0.5077674556	-0.0248689887
8.3000000000	0.5070640926	-0.0288062777	0.5076258361	-0.0309016994
8.3100000000	0.5068584022	-0.0347686872	0.5074539413	-0.0368124553
8.3200000000	0.5066239221	-0.0405938912	0.5072524802	-0.0425779292
8.3300000000	0.5063616136	-0.0462589110	0.5070222825	-0.0481753674
8.3400000000	0.5060725513	-0.0517414025	0.5067642953	-0.0535826795
8.3500000000	0.5057579189	-0.0570197437	0.5064795784	-0.0587785252
8.3600000000	0.5054190032	-0.0620731200	0.5061692996	-0.0637423990
8.3700000000	0.5050571890	-0.0668816056	0.5058347295	-0.0684547106
8.3800000000	0.5046739523	-0.0714262423	0.5054772356	-0.0728968627
8.3900000000	0.5042708539	-0.0756891134	0.5050982760	-0.0770513243
8.4000000000	0.5038495328	-0.0796534145	0.5046993933	-0.0809016994
8.4100000000	0.5034116984	-0.0833035193	0.5042822074	-0.0844327926
8.4200000000	0.5029591235	-0.0866250408	0.5038484086	-0.0876306680
8.4300000000	0.5024936365	-0.0896048877	0.5033997501	-0.0904827052
8.4400000000	0.5020171134	-0.0922313162	0.5029380405	-0.0929776486
8.4500000000	0.5015314698	-0.0944939753	0.5024651361	-0.0951056516
8.4600000000	0.5010386530	-0.0963839480	0.5019829329	-0.0968583161
8.4700000000	0.5005406338	-0.0978937860	0.5014933588	-0.0982287251
8.4800000000	0.5000393981	-0.0990175390	0.5009983656	-0.0992114701
8.4900000000	0.4995369390	-0.0997507778	0.5004999208	-0.0998026728
8.5000000000	0.4990352487	-0.1000906121	0.5000000000	-0.1000000000
8.5100000000	0.4985363104	-0.1000357013	0.4995005785	-0.0998026728
8.5200000000	0.4980420905	-0.0995862603	0.4990036239	-0.0992114701
8.5300000000	0.4975545310	-0.0987440582	0.4985110881	-0.0982287251
8.5400000000	0.4970755419	-0.0975124118	0.4980249001	-0.0968583161
8.5500000000	0.4966069940	-0.0958961725	0.4975469581	-0.0951056516
8.5600000000	0.4961507115	-0.0939017070	0.4970791228	-0.0929776486
8.5700000000	0.4957084659	-0.0915368732	0.4966232104	-0.0904827052
8.5800000000	0.4952819687	-0.0888109883	0.4961809856	-0.0876306680
8.5900000000	0.4948728658	-0.0857347933	0.4957541557	-0.0844327926
8.6000000000	0.4944827314	-0.0823204106	0.4953443640	-0.0809016994
8.6100000000	0.4941130624	-0.0785812961	0.4949531841	-0.0770513243
8.6200000000	0.4937652730	-0.0745321869	0.4945821145	-0.0728968627
8.6300000000	0.4934406904	-0.0701890437	0.4942325732	-0.0684547106
8.6400000000	0.4931405496	-0.0655689873	0.4939058931	-0.0637423990
8.6500000000	0.4928659899	-0.0606902324	0.4936033172	-0.0587785252
8.6600000000	0.4926180506	-0.0555720154	0.4933259946	-0.0535826795
8.6700000000	0.4923976678	-0.0502345193	0.4930749764	-0.0481753674
8.6800000000	0.4922056714	-0.0446987940	0.4928512127	-0.0425779292
8.6900000000	0.4920427826	-0.0389866737	0.4926555489	-0.0368124553
8.7000000000	0.4919096113	-0.0331206912	0.4924887235	-0.0309016994
8.7100000000	0.4918066545	-0.0271239888	0.4923513653	-0.0248689887
8.7200000000	0.4917342945	-0.0210202275	0.4922439915	-0.0187381315
8.7300000000	0.4916927982	-0.0148334940	0.4921670063	-0.0125333234
8.7400000000	0.4916823159	-0.0085882051	0.4921206991	-0.0062790520
8.7500000000	0.4917028811	-0.0023090121	0.4921052440	-0.0000000000
8.7600000000	0.4917544107	0.0039792970	0.4921206991	0.0062790520
8.7700000000	0.4918367051	0.0102518947	0.4921670063	0.0125333234
8.7800000000	0.4919494488	0.0164840128	0.4922439915	0.0187381315
8.7900000000	0.4920922121	0.0226510398	0.4923513653	0.0248689887
8.8000000000	0.4922644519	0.0287286180	0.4924887235	0.0309016994
8.8100000000	0.4924655139	0.0346927405	0.4926555489	0.0368124553
8.8200000000	0.4926946347	0.0405198457	0.4928512127	0.0425779292
8.8300000000	0.4929509445	0.0461869105	0.4930749764	0.0481753674
8.8400000000	0.4932334696	0.0516715418	0.4933259946	0.0535826795
8.8500000000	0.4935411362	0.0569520651	0.4936033172	0.0587785252
8.8600000000	0.4938727735	0.0620076104	0.4939058931	0.0637423990
8.8700000000	0.4942271180	0.0668181950	0.4942325732	0.0684547106
8.8800000000	0.4946028178	0.0713648027	0.4945821145	0.0728968627
8.8900000000	0.4949984367	0.0756294592	0.4949531841	0.0770513243
8.9000000000	0.4954124597	0.0795953038	0.4953443640	0.0809016994
8.9100000000	0.4958432983	0.0832466560	0.4957541557	0.0844327926
8.9200000000	0.4962892955	0.0865690776	0.4961809856	0.0876306680
8.9300000000	0.4967487321	0.0895494309	0.4966232104	0.0904827052
8.9400000000	0.4972198327	0.0921759299	0.4970791228	0.0929776486
8.9500000000	0.4977007723	0.0944381878	0.4975469581	0.0951056516
8.9600000000	0.4981896826	0.0963272580	0.4980249001	0.0968583161
8.9700000000	0.4986846592	0.0978356700	0.4985110881	0.0982287251
8.9800000000	0.4991837686	0.0989574584	0.4990036239	0.0992114701
8.9900000000	0.4996850554	0.0996881874	0.4995005785	0.0998026728
9.0000000000	0.5001865502	0.1000249681	0.5000000000	0.1000000000
9.0100000000	0.5006862767	0.0999664697	0.5004999208	0.0998026728
9.0200000000	0.5011822596	0.0995129252	0.5009983656	0.0992114701
9.0300000000	0.5016725328	0.0986661302	0.5014933588	0.0982287251
9.0400000000	0.5021551467	0.0974294359	0.5019829329	0.0968583161
9.0500000000	0.5026281766	0.0958077356	0.5024651361	0.0951056516
9.0600000000	0.5030897304	0.0938074453	0.5029380405	0.0929776486
9.0700000000	0.5035379564	0.0914364779	0.5033997501	0.0904827052
9.0800000000	0.5039710511	0.0887042121	0.5038484086	0.0876306680
9.0900000000	0.5043872671	0.0856214550	0.5042822074	0.0844327926
9.1000000000	0.5047849202	0.0822003987	0.5046993933	0.0809016994
9.1100000000	0.5051623972	0.0784545725	0.5050982760	0.0770513243
9.1200000000	0.5055181623	0.0743987884	0.5054772356	0.0728968627
9.1300000000	0.5058507647	0.0700490828	0.5058347295	0.0684547106
9.1400000000	0.5061588442	0.0654226525	0.5061692996	0.0637423990
9.1500000000	0.5064411381	0.0605377867	0.5064795784	0.0587785252
9.1600000000	0.5066964864	0.0554137939	0.5067642953	0.0535826795
9.1700000000	0.5069238375	0.0500709260	0.5070222825	0.0481753674
9.1800000000	0.5071222526	0.0445302973	0.5072524802	0.0425779292
9.1900000000	0.5072909107	0.0388138012	0.5074539413	0.0368124553
9.2000000000	0.5074291118	0.0329440234	0.5076258361	0.0309016994
9.2100000000	0.5075362807	0.0269441524	0.5077674556	0.0248689887
9.2200000000	0.5076119694	0.0208378877	0.5078782155	0.0187381315
9.2300000000	0.5076558596	0.0146493460	0.5079576583	0.0125333234
9.2400000000	0.5076677640	0.0084029660	0.5080054557	0.0062790520
9.2500000000	0.5076476276	0.0021234117	0.5080214102	0.0000000000
9.2600000000	0.5075955277	-0.0041645252	0.5080054557	-0.0062790520
9.2700000000	0.5075116738	-0.0104360229	0.5079576583	-0.0125333234
9.2800000000	0.5073964067	-0.0166663276	0.5078782155	-0.0187381315
9.2900000000	0.5072501971	-0.0228308513	0.5077674556	-0.0248689887
9.3000000000	0.5070736434	-0.0289052683	0.5076258361	-0.0309016994
9.3100000000	0.5068674690	-0.0348656117	0.5074539413	-0.0368124553
9.3200000000	0.5066325190	-0.0406883670	0.5072524802	-0.0425779292
9.3300000000	0.5063697565	-0.0463505657	0.5070222825	-0.0481753674
9.3400000000	0.5060802582	-0.0518298745	0.5067642953	-0.0535826795
9.3500000000	0.5057652093	-0.0571046841	0.5064795784	-0.0587785252
9.3600000000	0.5054258986	-0.0621541939	0.5061692996	-0.0637423990
9.3700000000	0.5050637122	-0.0669584933	0.5058347295	-0.0684547106
9.3800000000	0.5046801277	-0.0714986406	0.5054772356	-0.0728968627
9.3900000000	0.5042767073	-0.0757567370	0.5050982760	-0.0770513243
9.4000000000	0.5038550911	-0.0797159968	0.5046993933	-0.0809016994
9.4100000000	0.5034169898	-0.0833608136	0.5042822074	-0.0844327926
9.4200000000	0.5029641773	-0.0866768213	0.5038484086	-0.0876306680
9.4300000000	0.5024984826	-0.0896509504	0.5033997501	-0.0904827052
9.4400000000	0.5020217827	-0.0922714794	0.5029380405	-0.0929776486
9.4500000000	0.5015359937	-0.0945280808	0.5024651361	-0.0951056516
9.4600000000	0.5010430636	-0.0964118614	0.5019829329	-0.0968583161
9.4700000000	0.5005449633	-0.0979153973	0.5014933588	-0.0982287251
9.4800000000	0.5000436790	-0.0990327630	0.5009983656	-0.0992114701
9.4900000000	0.4995412040	-0.0997595545	0.5004999208	-0.0998026728
9.5000000000	0.4990395304	-0.1000929069	0.5000000000	-0.1000000000
9.5100000000	0.4985406413	-0.1000315052	0.4995005785	-0.0998026728
9.5200000000	0.4980465027	-0.0995755897	0.4990036239	-0.0992114701
9.5300000000	0.4975590563	-0.0987269551	0.4985110881	-0.0982287251
9.5400000000	0.4970802115	-0.0974889437	0.4980249001	-0.0968583161
9.5500000000	0.4966118384	-0.0958664317	0.4975469581	-0.0951056516
9.5600000000	0.4961557606	-0.0938658108	0.4970791228	-0.0929776486
9.5700000000	0.4957137484	-0.0914949628	0.4966232104	-0.0904827052
9.5800000000	0.4952875126	-0.0887632291	0.4961809856	-0.0876306680
9.5900000000	0.4948786980	-0.0856813734	0.4957541557	-0.0844327926
9.6000000000	0.4944888775	-0.0822615404	0.4953443640	-0.0809016994
9.6100000000	0.4941195466	-0.0785172077	0.4949531841	-0.0770513243
9.6200000000	0.4937721185	-0.0744631331	0.4945821145	-0.0728968627
9.6300000000	0.4934479187	-0.0701152964	0.4942325732	-0.0684547106
9.6400000000	0.4931481808	-0.0654908374	0.4939058931	-0.0637423990
9.6500000000	0.4928740424	-0.0606079880	0.4936033172	-0.0587785252
9.6600000000	0.4926265413	-0.0554860008	0.4933259946	-0.0535826795
9.6700000000	0.4924066118	-0.0501450737	0.4930749764	-0.0481753674
9.6800000000	0.4922150821	-0.0446062702	0.4928512127	-0.0425779292
9.6900000000	0.4920526717	-0.0388914366	0.4926555489	-0.0368124553
9.7000000000	0.4919199885	-0.0330231165	0.4924887235	-0.0309016994
9.7100000000	0.4918175278	-0.0270244615	0.4923513653	-0.0248689887
9.7200000000	0.4917456699	-0.0209191404	0.4922439915	-0.0187381315
9.7300000000	0.4917046799	-0.0147312459	0.4921670063	-0.0125333234
9.7400000000	0.4916947062	-0.0084851997	0.4921206991	-0.0062790520
9.7500000000	0.4917157803	-0.0022056559	0.4921052440	-0.0000000000
9.7600000000	0.4917678173	0.0040825959	0.4921206991	0.0062790520
9.7700000000	0.4918506155	0.0103547285	0.4921670063	0.0125333234
9.7800000000	0.4919638578	0.0165859754	0.4922439915	0.0187381315
9.7900000000	0.4921071123	0.0227517284	0.4923513653	0.0248689887
9.8000000000	0.4922798342	0.0288276350	0.4924887235	0.0309016994
9.8100000000	0.4924813675	0.0347896948	0.4926555489	0.0368124553
9.8200000000	0.4927109468	0.0406143541	0.4928512127	0.0425779292
9.8300000000	0.4929677006	0.0462785996	0.4930749764	0.0481753674
9.8400000000	0.4932506537	0.0517600493	0.4933259946	0.0535826795
9.8500000000	0.4935587304	0.0570370413	0.4936033172	0.0587785252
9.8600000000	0.4938907585	0.0620887194	0.4939058931	0.0637423990
9.8700000000	0.4942454729	0.0668951161	0.4942325732	0.0684547106
9.8800000000	0.4946215201	0.0714372319	0.4945821145	0.0728968627
9.8900000000	0.4950174628	0.0756971102	0.4949531841	0.0770513243
9.9000000000	0.4954317847	0.0796579091	0.4953443640	0.0809016994
9.9100000000	0.4958628959	0.0833039679	0.4957541557	0.0844327926
9.9200000000	0.4963091384	0.0866208697	0.4961809856	0.0876306680
9.9300000000	0.4967687920	0.0895954982	0.4966232104	0.0904827052
9.9400000000	0.4972400804	0.0922160903	0.4970791228	0.0929776486
9.9500000000	0.4977211777	0.0944722825	0.4975469581	0.0951056516
9.9600000000	0.4982102149	0.0963551522	0.4980249001	0.0968583161
9.9700000000	0.4987052871	0.0978572533	0.4985110881	0.0982287251
9.9800000000	0.4992044604	0.0989726455	0.4990036239	0.0992114701
9.9900000000	0.4997057789	0.0996969183	0.4995005785	0.0998026728
10.0000000000	0.5002072731	0.1000272082	0.5000000000	0.1000000000
