# time	x	y	stress_xx	strain_xx
0.0000000000	0.1375000000	0.1375000000	0.0000000000	0.0000000000
0.0070710678	0.1375000000	0.1365657143	1672.5478840914	-0.6950330670
0.0141421356	0.1375291185	0.1347073366	1684.5700270614	-1.3947285747
0.0212132034	0.1375864864	0.1321364967	1710.8449727591	-2.1050635605
0.0282842712	0.1376692271	0.1284782053	1715.3121681023	-2.8170551136
0.0353553391	0.1377729383	0.1235089752	1777.4011317762	-3.5547585767
0.0424264069	0.1378925756	0.1174395706	1834.4717756573	-4.3161908257
0.0494974747	0.1380213680	0.1104019932	1901.2653543280	-5.1055088555
0.0565685425	0.1382331839	0.1025418985	1985.4069782733	-5.9291214738
0.0636396103	0.1384989665	0.0939542141	1981.6701611022	-6.7510740831
0.0707106781	0.1387790281	0.0854728056	2081.4899974359	-7.6148027212
0.0777817459	0.1390573539	0.0773043325	2187.5306803377	-8.5230256846
0.0848528137	0.1393125888	0.0685673537	2274.5146437424	-9.4679913997
0.0919238816	0.1394915124	0.0595910778	2375.0077042630	-10.4558356968
0.0989949494	0.1394526190	0.0501268650	2456.4064372903	-11.4793500728
0.1060660172	0.1391813277	0.0405464210	2481.3051201123	-12.5155765138
0.1131370850	0.1388375220	0.0319066586	2570.0773730462	-13.5890327989
0.1202081528	0.1385306048	0.0237089425	2635.3424423599	-14.6889864810
0.1272792206	0.1383025957	0.0164379025	2692.4758601608	-15.8117190172
0.1343502884	0.1381380346	0.0106648253	2742.7907556507	-16.9545209021
0.1414213562	0.1380039793	0.0067097939	2794.4823115181	-18.1182109969
0.1484924240	0.1379015318	0.0041315348	2830.7962547207	-19.2963651449
0.1555634919	0.1378325514	0.0024961686	2853.0115167384	-20.4831604201
0.1626345597	0.1377888214	0.0014818237	2864.8332480063	-21.6744485046
0.1697056275	0.1377625881	0.0008650068	2869.5823809935	-22.8674526227
0.1767766953	0.1377476848	0.0004967287	2869.7754824182	-24.0603882830
0.1838477631	0.1377395060	0.0002806548	2867.1400974091	-25.2521440047
0.1909188309	0.1377351191	0.0001560305	2862.8060863327	-26.4420507903
0.1979898987	0.1377327997	0.0000853566	2857.4873043210	-27.6297204186
0.2050609665	0.1377315816	0.0000459465	2851.6268593296	-28.8149395431
0.2121320344	0.1377309415	0.0000243361	2845.4942638947	-29.9976015230
0.2192031022	0.1377306029	0.0000126830	2839.2483738009	-31.1776627829
0.2262741700	0.1377304053	0.0000065036	2832.9756486418	-32.3551141802
0.2333452378	0.1377302880	0.0000032811	2826.7150380498	-33.5299617129
0.2404163056	0.1377302195	0.0000016284	2820.4712500232	-34.7022128939
0.2474873734	0.1377301806	0.0000007948	2814.2275009496	-35.8718680504
0.2545584412	0.1377301591	0.0000003814	2807.9584292217	-37.0389168501
0.2616295090	0.1377301477	0.0000001799	2801.6432816617	-38.2033402611
0.2687005769	0.1377301418	0.0000000834	2795.2765858750	-39.3651169293
0.2757716447	0.1377301388	0.0000000379	2788.8733388669	-40.5242317030
0.2828427125	0.1377301374	0.0000000169	2782.4682186630	-41.6806838251
0.2899137803	0.1377301367	0.0000000074	2776.1109755522	-42.8344932057
0.2969848481	0.1377301364	0.0000000032	2769.8609192379	-43.9857044019
0.3040559159	0.1377301363	0.0000000013	2763.7824086739	-45.1343887203
0.3111269837	0.1377301362	0.0000000006	2757.9418148950	-46.2806450562
0.3181980515	0.1377301362	0.0000000002	2752.4055153335	-47.4245998982
0.3252691193	0.1377301362	0.0000000001	2747.2382174765	-48.5664066352
0.3323401872	0.1377301362	0.0000000000	2742.5010370169	-49.7062440639
0.3394112550	0.1377301362	0.0000000000	2738.2489935562	-50.8443138551
0.3464823228	0.1377301362	0.0000000000	2734.5278316116	-51.9808366983
0.3535533906	0.1377301362	0.0000000000	2731.3704039300	-53.1160469425
0.3606244584	0.1377301362	0.0000000000	2728.7928046154	-54.2501856293
0.3676955262	0.1377301362	0.0000000000	2726.7908753132	-55.3834920732
0.3747665940	0.1377301362	0.0000000000	2725.3378504620	-56.5161944639
0.3818376618	0.1377301362	0.0000000000	2724.3740578787	-57.6484962144
0.3889087297	0.1377301362	0.0000000000	2723.7971186135	-58.7805581818
0.3959797975	0.1377301362	0.0000000000	2939.4425018937	-60.0022686889
0.4030508653	0.1377301362	0.0000000000	2942.2167692129	-61.2251326131
0.4101219331	0.1377301362	0.0000000000	2945.1401704479	-62.4492119222
0.4171930009	0.1377301362	0.0000000000	2948.1123780565	-63.6745268850
0.4242640687	0.1377301362	0.0000000000	2951.0398257916	-64.9010588795
0.4313351365	0.1377301362	0.0000000000	2953.8398945787	-66.1287549408
0.4384062043	0.1377301362	0.0000000000	2956.4434977285	-67.3575333854
0.4454772721	0.1377301362	0.0000000000	2958.7961146537	-68.5872898659
0.4525483400	0.1377301362	0.0000000000	2960.8575328734	-69.8179033185
0.4596194078	0.1377301362	0.0000000000	2962.6006634125	-71.0492414184
0.4666904756	0.1377301362	0.0000000000	2964.0098028413	-72.2811653128
0.4737615434	0.1377301362	0.0000000000	2965.0786621171	-73.5135335347
0.4808326112	0.1377301362	0.0000000000	2965.8083988339	-74.7462050982
0.4879036790	0.1377301362	0.0000000000	2966.2058065833	-75.9790418424
0.4949747468	0.1377301362	0.0000000000	2966.2817422359	-77.2119101195
0.5020458146	0.1377301362	0.0000000000	2966.0498210560	-78.4446819427
0.5091168825	0.1377301362	0.0000000000	2965.5253726525	-79.6772356980
0.5161879503	0.1377301362	0.0000000000	2964.7246342446	-80.9094565219
0.5232590181	0.1377301362	0.0000000000	2963.6641447654	-82.1412364272
0.5303300859	0.1377301362	0.0000000000	2962.3603071023	-83.3724742457
0.5374011537	0.1377301362	0.0000000000	2960.8290798936	-84.6030754442
0.5444722215	0.1377301362	0.0000000000	2959.0857739660	-85.8329518549
0.5515432893	0.1377301362	0.0000000000	2957.1449258537	-87.0620213533
0.5586143571	0.1377301362	0.0000000000	2955.0202275405	-88.2902075077
0.5656854249	0.1377301362	0.0000000000	2952.7244989700	-89.5174392160
0.5727564928	0.1377301362	0.0000000000	2950.2696930183	-90.7436503456
0.5798275606	0.1377301362	0.0000000000	2947.6669067629	-91.9687793775
0.5868986284	0.1377301362	0.0000000000	2944.9264268847	-93.1927690694
0.5939696962	0.1377301362	0.0000000000	2942.0577741037	-94.4155661373
0.6010407640	0.1377301362	0.0000000000	2939.0697397730	-95.6371209522
0.6081118318	0.1377301362	0.0000000000	2935.9704254655	-96.8573872534
0.6151828996	0.1377301362	0.0000000000	2932.7673332429	-98.0763218991
0.6222539674	0.1377301362	0.0000000000	2929.4673518125	-99.2938846116
0.6293250353	0.1377301362	0.0000000000	2926.0768570227	-100.5100377640
0.6363961031	0.1377301362	0.0000000000	2922.6016445886	-101.7247461400
0.6434671709	0.1377301362	0.0000000000	2919.0471494350	-102.9379767943
0.6505382387	0.1377301362	0.0000000000	2915.4181212049	-104.1496987554
0.6576093065	0.1377301362	0.0000000000	2911.7190738725	-105.3598829259
0.6646803743	0.1377301362	0.0000000000	2907.9543489376	-106.5685020110
0.6717514421	0.1377301362	0.0000000000	2904.1263041252	-107.7755296938
0.6788225099	0.1377301362	0.0000000000	2900.2393292559	-108.9809414811
0.6858935778	0.1377301362	0.0000000000	2896.2931410859	-110.1847127605
0.6929646456	0.1377301362	0.0000000000	3205.9176681149	-111.5172014392
0.7000357134	0.1377301362	0.0000000000	3205.9187446069	-112.8496904616
0.7071067812	0.1377301362	0.0000000000	3205.9191760556	-114.1821796219
0.7141778490	0.1377301362	0.0000000000	3205.9193489767	-115.5146688373
0.7212489168	0.1377301362	0.0000000000	3205.9194182822	-116.8471580749
0.7283199846	0.1377301362	0.0000000000	3205.9194460593	-118.1796473213
0.7353910524	0.1377301362	0.0000000000	3205.9194571921	-119.5121365714
0.7424621202	0.1377301362	0.0000000000	3205.9194616541	-120.8446258228
0.7495331881	0.1377301362	0.0000000000	3205.9194634424	-122.1771150748
0.7566042559	0.1377301362	0.0000000000	3205.9194641591	-123.5096043270
0.7636753237	0.1377301362	0.0000000000	3205.9194644464	-124.8420935793
0.7707463915	0.1377301362	0.0000000000	3205.9194645615	-126.1745828317
0.7778174593	0.1377301362	0.0000000000	3205.9194646077	-127.5070720841
0.7848885271	0.1377301362	0.0000000000	3205.9194646262	-128.8395613364
0.7919595949	0.1377301362	0.0000000000	3205.9194646336	-130.1720505888
0.7990306627	0.1377301362	0.0000000000	3205.9194646366	-131.5045398412
0.8061017306	0.1377301362	0.0000000000	3205.9194646378	-132.8370290936
0.8131727984	0.1377301362	0.0000000000	3205.9194646382	-134.1695183460
0.8202438662	0.1377301362	0.0000000000	3205.9194646384	-135.5020075983
0.8273149340	0.1377301362	0.0000000000	3205.9194646385	-136.8344968507
0.8343860018	0.1377301362	0.0000000000	3205.9194646385	-138.1669861031
0.8414570696	0.1377301362	0.0000000000	3205.9194646385	-139.4994753555
0.8485281374	0.1377301362	0.0000000000	3205.9194646385	-140.8319646079
0.8555992052	0.1377301362	0.0000000000	3205.9194646385	-142.1644538603
0.8626702730	0.1377301362	0.0000000000	3205.9194646385	-143.4969431126
0.8697413409	0.1377301362	0.0000000000	3205.9194646385	-144.8294323650
0.8768124087	0.1377301362	0.0000000000	3205.9194646385	-146.1619216174
0.8838834765	0.1377301362	0.0000000000	3205.9194646385	-147.4944108698
0.8909545443	0.1377301362	0.0000000000	3205.9194646385	-148.8269001222
0.8980256121	0.1377301362	0.0000000000	3205.9194646385	-150.1593893745
0.9050966799	0.1377301362	0.0000000000	3205.9194646385	-151.4918786269
0.9121677477	0.1377301362	0.0000000000	3205.9194646385	-152.8243678793
0.9192388155	0.1377301362	0.0000000000	3205.9194646385	-154.1568571317
0.9263098834	0.1377301362	0.0000000000	3205.9194646385	-155.4893463841
0.9333809512	0.1377301362	0.0000000000	3205.9194646385	-156.8218356365
0.9404520190	0.1377301362	0.0000000000	3205.9194646385	-158.1543248888
0.9475230868	0.1377301362	0.0000000000	3205.9194646385	-159.4868141412
0.9545941546	0.1377301362	0.0000000000	3205.9194646385	-160.8193033936
0.9616652224	0.1377301362	0.0000000000	3205.9194646385	-162.1517926460
0.9687362902	0.1377301362	0.0000000000	3205.9194646385	-163.4842818984
0.9758073580	0.1377301362	0.0000000000	3205.9194646385	-164.8167711507
0.9828784258	0.1377301362	0.0000000000	3205.9194646385	-166.1492604031
0.9899494937	0.1377301362	0.0000000000	3205.9194646385	-167.4817496555
0.9970205615	0.1377301362	0.0000000000	3205.9194646385	-168.8142389079
